-97.88
-96.43
-96.4
-94.5
-94.91
-96.23
-96.9
-95.43
-97.03
-95.73
-95.61
-94.1
-92.7
-93.44
-92.89
-93.67
-93.18
-92.53
-94.17
-91.99
-95.13
-93.8
-94.74
-94.67
-94.03
-92.07
-92.47
-95.5
-94.94
-95.46
-93.4
-93.39
-94.85
-94.41
-90.94
-94.0
-94.24
-92.94
-94.91
-94.05
-93.58
-93.5
-94.27
-95.41
-94.74
-93.42
-94.96
-94.11
-93.23
-95.81
-94.76
-95.4
-95.05
-96.77
-95.91
-94.82
-95.84
-95.53
-96.21
-96.16
-96.31
-94.91
-95.09
-95.36
-94.84
-96.06
-93.98
-96.91
-95.09
-93.92
-94.39
-94.89
-96.13
-96.09
-96.17
-94.72
-94.28
-95.23
-93.33
-93.43
-95.09
-95.43
-95.36
-95.81
-95.55
-95.85
-94.91
-96.13
-95.86
-94.28
-96.12
-95.62
-96.3
-96.89
-95.95
-96.55
-97.92
-96.35
-95.46
-97.4
-96.98
-96.81
-96.43
-95.64
-96.05
-97.63
-96.9
-97.55
-97.51
-96.74
-96.08
-95.65
-97.62
-97.11
-94.97
-96.35
-95.98
-95.93
-94.32
-95.07
-95.19
-96.93
-95.81
-95.73
-96.29
-94.54
-96.85
-95.59
-96.88
-95.11
-94.18
-96.1
-94.69
-96.65
-96.12
-96.09
-94.97
-97.19
-95.47
-94.92
-96.45
-97.03
-97.09
-97.35
-96.36
-95.76
-96.61
-96.06
-95.38
-96.71
-95.04
-96.08
-95.96
-94.61
-95.79
-94.31
-96.1
-95.12
-95.21
-97.14
-96.23
-94.96
-96.71
-95.97
-95.4
-95.32
-96.66
-96.5
-96.65
-96.0
-95.38
-95.54
-95.67
-97.23
-95.73
-96.14
-95.37
-96.48
-95.74
-94.87
-94.71
-96.67
-95.57
-95.22
-96.92
-95.67
-94.92
-96.09
-96.42
-96.41
-95.77
-95.99
-96.62
-96.81
-96.22
-97.4
-97.11
-97.42
-96.26
-96.82
-97.57
-97.01
-96.05
-95.76
-95.42
-96.26
-96.73
-93.63
-95.79
-97.06
-96.68
-97.13
-96.63
-96.96
-96.01
-96.99
-96.02
-97.01
-97.31
-97.26
-98.04
-96.95
-98.23
-97.6
-95.38
-96.8
-97.29
-96.1
-95.92
-97.12
-95.93
-96.49
-95.73
-96.45
-95.55
-96.55
-97.48
-96.99
-94.96
-94.59
-95.9
-96.79
-96.16
-97.04
-97.01
-98.36
-98.52
-96.39
-96.66
-97.96
-96.78
-97.67
-97.04
-97.1
-96.23
-94.96
-96.66
-97.34
-96.28
-96.23
-97.49
-97.65
-97.19
-97.05
-96.26
-97.16
-96.6
-97.68
-98.72
-96.71
-97.48
-95.84
-95.97
-96.18
-96.73
-96.97
-96.58
-96.79
-97.1
-94.26
-94.71
-96.43
-95.99
-96.66
-96.19
-96.09
-95.49
-96.25
-96.1
-95.73
-96.91
-97.73
-96.42
-96.96
-96.81
-97.27
-95.78
-97.76
-97.19
-97.52
-96.67
-96.52
-97.54
-96.36
-96.61
-97.76
-97.9
-97.38
-96.52
-97.22
-95.96
-96.96
-96.54
-95.23
-96.7
-97.36
-96.76
-96.57
-96.66
-97.08
-97.13
-95.86
-96.94
-96.02
-96.13
-96.98
-97.55
-96.25
-97.39
-96.16
-97.19
-96.88
-96.37
-96.37
-95.84
-95.39
-96.21
-95.9
-96.45
-96.33
-96.4
-96.96
-96.49
-96.91
-97.85
-96.91
-96.63
-95.38
-97.32
-96.97
-96.7
-97.02
-97.16
-97.49
-96.79
-97.7
-97.7
-96.31
-97.52
-96.71
-96.73
-96.96
-97.68
-96.41
-96.32
-96.59
-96.59
-95.89
-96.42
-97.43
-96.95
-97.39
-97.2
-96.98
-97.36
-96.79
-97.16
-98.1
-97.64
-97.63
-97.11
-98.11
-96.97
-96.92
-96.38
-96.1
-96.29
-95.86
-97.44
-96.1
-97.16
-96.52
-96.25
-96.21
-95.82
-95.12
-96.36
-94.73
-95.88
-96.29
-95.13
-95.87
-95.41
-96.03
-95.92
-96.49
-95.87
-97.48
-96.95
-95.31
-97.22
-97.1
-97.14
-96.73
-96.05
-97.16
-96.42
-95.41
-96.46
-95.63
-96.53
-95.41
-94.92
-96.47
-95.87
-95.32
-95.51
-96.46
-96.89
-95.94
-95.4
-97.81
-96.16
-96.14
-95.89
-96.01
-95.91
-95.3
-95.84
-96.38
-95.33
-95.51
-96.28
-97.4
-97.03
-96.55
-96.19
-96.41
-97.18
-96.67
-97.32
-96.81
-96.75
-96.6
-96.5
-96.72
-96.04
-95.57
-94.51
-96.68
-96.4
-95.49
-95.88
-96.52
-97.43
-97.19
-96.78
-96.86
-96.71
-96.15
-97.33
-96.38
-96.06
-96.11
-96.52
-96.69
-96.74
-97.45
-96.44
-96.71
-96.82
-96.68
-95.94
-95.07
-96.35
-95.62
-95.9
-97.35
-95.58
-95.52
-96.19
-96.99
-97.05
-96.3
-96.55
-96.18
-96.39
-97.25
-96.93
-96.77
-96.92
-97.25
-96.35
-96.37
-96.0
-95.82
-96.91
-97.87
-96.62
-98.11
-97.14
-97.15
-97.79
-95.76
-96.31
-96.77
-95.53
-97.36
-96.96
-97.08
-97.08
-97.34
-96.87
-97.08
-97.02
-96.27
-95.66
-96.66
-95.47
-94.61
-97.7
-95.46
-95.28
-96.18
-96.25
-96.51
-96.21
-96.36
-96.66
-96.65
-97.68
-96.4
-97.32
-96.5
-97.14
-96.37
-96.36
-96.94
-96.77
-96.43
-95.94
-95.98
-95.98
-95.21
-95.07
-96.36
-97.05
-96.64
-96.41
-95.47
-96.82
-95.26
-95.98
-96.89
-97.52
-96.02
-95.75
-96.86
-95.91
-97.43
-95.75
-96.72
-96.71
-94.81
-97.09
-96.2
-95.63
-95.71
-95.83
-96.49
-95.6
-96.75
-96.18
-94.74
-96.22
-95.75
-95.89
-95.81
-96.67
-97.16
-96.33
-95.39
-95.31
-96.57
-96.02
-95.83
-96.44
-96.21
-97.29
-97.18
-97.08
-97.09
-97.24
-96.86
-96.06
-97.15
-95.94
-96.09
-95.78
-96.66
-96.3
-96.27
-95.86
-96.23
-96.36
-96.31
-97.72
-96.83
-96.45
-96.09
-96.62
-96.72
-96.25
-95.65
-96.42
-95.06
-96.61
-95.32
-96.87
-95.82
-95.95
-95.56
-95.93
-95.21
-95.98
-96.02
-95.65
-96.1
-95.61
-96.74
-95.62
-96.08
-96.27
-96.56
-95.88
-96.02
-95.71
-96.17
-95.22
-95.78
-95.12
-96.37
-96.44
-95.85
-96.33
-96.9
-96.81
-96.99
-95.5
-96.94
-96.83
-96.86
-95.43
-96.34
-96.04
-96.38
-95.75
-96.23
-96.6
-97.32
-96.25
-96.98
-96.47
-95.8
-96.7
-97.27
-96.28
-96.22
-97.55
-97.85
-96.06
-96.73
-95.66
-96.96
-97.31
-96.49
-95.73
-96.53
-97.54
-96.31
-96.83
-97.06
-96.28
-96.12
-95.07
-96.19
-95.99
-96.62
-96.36
-96.65
-95.27
-96.35
-95.88
-96.27
-96.18
-97.18
-95.67
-94.81
-96.03
-96.68
-96.35
-96.36
-95.64
-96.58
-96.25
-96.43
-96.84
-95.89
-96.26
-96.53
-96.62
-95.71
-94.74
-96.08
-96.76
-95.19
-96.71
-96.43
-95.75
-96.05
-96.09
-95.22
-95.35
-95.53
-96.08
-96.44
-96.19
-95.96
-94.92
-96.12
-94.22
-96.31
-96.15
-96.58
-96.5
-96.72
-96.32
-95.45
-95.83
-94.87
-95.93
-96.38
-96.54
-97.31
-97.11
-96.14
-97.76
-96.02
-96.84
-96.06
-96.82
-97.46
-96.56
-96.73
-96.52
-96.84
-96.51
-96.37
-96.28
-96.44
-95.53
-94.48
-95.29
-95.74
-95.09
-95.6
-93.97
-94.57
-95.39
-95.66
-94.81
-95.7
-96.21
-96.85
-95.28
-96.06
-94.3
-95.49
-95.23
-95.43
-94.95
-96.18
-95.11
-95.09
-94.8
-93.95
-94.41
-94.37
-92.62
-93.82
-93.22
-94.67
-93.72
-94.07
-94.58
-93.68
-94.3
-94.73
-95.53
-97.14
-95.44
-97.15
-95.46
-96.03
-95.5
-95.56
-95.39
-96.1
-95.97
-95.77
-96.63
-95.78
-97.75
-96.11
-95.33
-96.4
-96.77
-97.45
-96.79
-96.44
-95.69
-96.52
-94.96
-97.07
-96.06
-96.37
-96.19
-96.66
-97.41
-96.82
-97.0
-97.09
-96.61
-95.41
-96.21
-97.62
-96.11
-95.52
-95.72
-96.72
-96.37
-96.69
-96.07
-96.64
-94.77
-96.58
-96.87
-96.84
-94.67
-95.11
-96.25
-95.28
-96.34
-95.31
-94.85
-94.35
-94.95
-94.4
-95.17
-94.76
-95.68
-94.77
-94.15
-93.82
-94.4
-94.34
-94.85
-93.82
-94.4
-92.09
-92.36
-94.55
-93.18
-92.57
-92.67
-93.54
-94.08
-92.93
-94.73
-96.43
-95.94
-96.64
-96.49
-96.0
-94.26
-94.94
-95.65
-96.21
-96.6
-95.39
-95.72
-95.46
-95.54
-94.44
-95.09
-94.65
-94.68
-95.12
-95.42
-94.44
-97.69
-97.17
-97.07
-97.42
-96.8
-95.81
-97.33
-96.74
-95.66
-96.09
-96.1
-95.46
-96.84
-96.52
-96.16
-96.32
-95.54
-95.59
-95.14
-96.18
-96.5
-95.58
-96.31
-96.53
-97.98
-97.97
-97.52
-97.08
-95.25
-96.49
-97.06
-96.6
-97.54
-96.9
-97.13
-98.39
-97.69
-97.41
-97.07
-97.3
-97.78
-98.06
-97.51
-97.54
-97.54
-96.84
-95.72
-96.53
-97.54
-98.04
-97.21
-97.02
-96.63
-97.88
-97.51
-97.13
-98.3
-97.83
-97.33
-97.04
-97.44
-97.17
-97.0
-97.17
-97.65
-97.99
-97.02
-96.65
-97.54
-98.0
-98.3
-96.85
-97.39
-97.78
-97.02
-97.61
-96.91
-96.45
-96.41
-97.36
-97.6
-95.88
-96.05
-96.56
-95.4
-96.13
-97.18
-97.94
-97.26
-97.2
-96.4
-96.5
-94.69
-94.57
-95.53
-95.4
-96.49
-95.83
-95.62
-96.01
-97.45
-96.96
-96.71
-96.3
-96.54
-96.56
-97.47
-96.47
-96.73
-96.96
-96.72
-96.56
-96.47
-96.35
-96.23
-96.61
-96.06
-96.36
-96.17
-96.44
-95.26
-95.96
-95.46
-96.09
-96.61
-95.02
-96.42
-96.68
-95.68
-95.14
-96.79
-95.68
-95.53
-96.94
-97.81
-96.15
-96.04
-96.51
-94.95
-96.15
-96.23
-95.53
-94.99
-94.54
-94.36
-95.0
-96.59
-95.61
-94.77
-94.21
-94.71
-94.07
-95.88
-95.71
-93.86
-95.87
-96.74
-96.05
-94.2
-93.49
-95.63
-95.58
-96.71
-94.9
-96.09
-97.15
-97.41
-96.97
-96.8
-97.21
-95.42
-95.75
-95.75
-95.6
-94.44
-96.09
-95.44
-94.51
-94.6
-95.2
-94.06
-95.52
-95.36
-94.73
-94.63
-94.85
-95.09
-96.15
-96.35
-95.44
-95.18
-95.15
-96.01
-95.43
-96.49
-93.56
-95.98
-96.6
-97.5
-95.88
-96.85
-96.61
-95.91
-94.27
-95.94
-95.14
-96.07
-96.35
-95.22
-95.37
-97.79
-96.4
-96.56
-95.93
-95.57
-96.63
-96.13
-96.22
-94.55
-96.05
-95.72
-95.37
-95.93
-95.49
-96.56
-96.68
-96.64
-96.39
-96.66
-96.62
-95.68
-94.65
-95.31
-94.56
-94.64
-95.26
-94.29
-93.56
-95.57
-94.38
-95.91
-96.53
-95.73
-95.7
-95.51
-93.96
-95.35
-95.33
-94.11
-95.13
-95.05
-94.78
-95.52
-95.61
-96.43
-96.54
-95.7
-97.07
-95.85
-95.87
-95.61
-95.39
-95.01
-96.53
-95.48
-95.92
-95.84
-96.17
-94.27
-95.54
-95.53
-95.28
-94.83
-95.2
-95.27
-94.93
-96.11
-95.78
-96.66
-96.05
-95.82
-96.65
-96.19
-95.77
-96.98
-94.42
-94.94
-95.01
-96.46
-94.62
-95.67
-95.96
-95.6
-94.12
-94.14
-93.85
-93.21
-94.49
-94.96
-95.34
-96.3
-96.1
-94.88
-94.24
-95.54
-93.97
-94.15
-94.81
-93.41
-94.11
-94.66
-94.39
-95.09
-96.55
-95.3
-95.33
-95.17
-93.9
-94.34
-93.97
-93.64
-94.7
-93.19
-93.54
-94.67
-95.63
-94.39
-95.5
-95.37
-96.1
-94.31
-96.24
-96.2
-95.29
-94.86
-96.0
-95.72
-96.1
-94.26
-93.62
-95.24
-95.02
-95.44
-96.07
-94.0
-94.31
-95.15
-94.74
-95.95
-93.31
-96.94
-95.87
-97.64
-97.03
-96.34
-94.91
-97.46
-96.15
-95.6
-96.49
-97.18
-96.45
-97.36
-96.48
-96.55
-96.27
-95.7
-95.93
-95.8
-95.97
-96.5
-96.3
-96.12
-97.54
-97.91
-96.18
-97.22
-97.06
-96.98
-97.63
-95.55
-97.1
-96.36
-97.16
-96.84
-96.75
-95.69
-96.49
-96.69
-95.41
-96.27
-95.41
-96.2
-95.99
-95.68
-95.83
-95.67
-96.31
-96.15
-95.38
-96.32
-96.0
-96.63
-95.77
-95.32
-96.12
-97.27
-97.97
-96.3
-96.04
-95.91
-96.34
-95.3
-95.94
-96.6
-96.53
-95.99
-95.39
-96.73
-96.13
-96.3
-96.79
-95.35
-96.01
-96.12
-95.32
-95.92
-95.99
-94.94
-95.15
-94.93
-95.67
-95.77
-96.16
-96.07
-95.85
-96.02
-96.12
-93.7
-94.71
-94.65
-94.53
-95.64
-95.93
-95.54
-93.35
-95.88
-97.01
-96.6
-95.91
-96.41
-95.4
-96.69
-96.4
-97.21
-95.99
-96.37
-95.68
-95.79
-95.67
-95.9
-97.0
-96.93
-96.07
-95.96
-96.39
-97.14
-97.32
-95.69
-96.19
-96.65
-95.73
-97.06
-96.53
-94.83
-96.51
-95.99
-95.96
-95.34
-95.33
-96.29
-94.62
-96.69
-96.43
-96.25
-96.11
-96.35
-97.01
-96.49
-97.15
-96.67
-97.55
-96.26
-95.94
-96.33
-96.57
-96.7
-96.92
-95.78
-97.02
-96.42
-96.74
-95.44
-95.69
-96.38
-96.42
-96.25
-95.85
-97.04
-96.74
-96.55
-96.43
-95.8
-96.34
-96.23
-96.11
-96.52
-96.34
-97.2
-96.37
-96.59
-96.62
-97.04
-96.92
-97.24
-97.56
-96.99
-96.89
-97.73
-97.45
-95.67
-95.86
-96.26
-97.08
-96.41
-95.25
-96.85
-97.39
-96.28
-96.93
-96.39
-96.3
-97.31
-97.14
-96.99
-96.87
-97.97
-96.37
-96.87
-96.49
-97.61
-96.62
-96.49
-95.1
-96.65
-96.7
-96.45
-96.34
-96.49
-96.07
-96.81
-96.44
-95.95
-95.21
-96.1
-96.82
-96.22
-96.64
-95.85
-96.48
-95.99
-95.98
-96.8
-96.08
-96.72
-96.59
-96.43
-96.22
-97.28
-97.04
-96.11
-96.72
-97.05
-95.91
-96.01
-96.56
-96.98
-97.04
-97.35
-95.86
-96.89
-96.12
-97.11
-96.06
-97.13
-96.34
-96.32
-96.85
-96.83
-96.1
-96.6
-94.87
-96.53
-96.47
-96.87
-96.66
-95.69
-95.77
-96.6
-97.22
-97.7
-97.0
-97.71
-97.5
-95.9
-96.95
-97.12
-96.12
-97.18
-96.29
-96.6
-96.69
-95.83
-95.43
-95.32
-96.5
-95.46
-96.92
-97.07
-98.03
-98.15
-97.34
-97.05
-96.37
-96.9
-97.35
-96.04
-97.27
-96.92
-98.44
-97.68
-97.33
-97.72
-98.44
-98.14
-98.16
-97.08
-97.14
-97.45
-97.65
-97.02
-96.94
-97.5
-97.53
-97.45
-96.68
-96.7
-96.27
-95.94
-96.91
-96.14
-96.63
-96.63
-97.27
-97.05
-96.24
-95.48
-96.55
-96.4
-95.44
-96.97
-97.03
-96.72
-97.14
-97.12
-96.67
-96.8
-96.84
-96.48
-96.51
-96.8
-96.3
-96.25
-96.68
-95.89
-96.46
-96.21
-95.82
-96.87
-95.75
-97.08
-96.41
-96.17
-97.2
-96.53
-96.57
-96.85
-96.85
-96.45
-96.89
-97.47
-97.76
-96.7
-97.18
-97.09
-97.22
-95.95
-96.12
-96.15
-96.38
-97.15
-95.63
-96.4
-96.04
-96.59
-96.84
-97.35
-96.53
-97.71
-97.24
-97.96
-97.1
-96.9
-97.53
-97.58
-94.88
-97.54
-97.62
-97.13
-97.78
-97.41
-96.55
-97.53
-97.95
-97.77
-97.81
-97.58
-97.89
-97.38
-97.76
-97.47
-97.42
-96.49
-96.42
-97.02
-97.43
-96.27
-96.46
-97.9
-97.83
-97.35
-98.08
-96.69
-97.03
-97.98
-96.94
-97.39
-97.38
-96.44
-97.03
-96.23
-96.81
-95.55
-96.8
-96.48
-94.91
-96.06
-94.58
-96.53
-95.84
-96.24
-95.61
-94.78
-96.72
-94.74
-95.4
-97.04
-95.79
-95.36
-96.33
-96.47
-95.91
-95.9
-96.9
-96.59
-96.83
-96.76
-96.76
-97.54
-96.98
-96.75
-97.48
-96.34
-94.53
-96.08
-95.52
-95.35
-96.73
-95.5
-95.15
-95.33
-97.14
-96.37
-96.11
-96.19
-95.55
-95.85
-95.37
-96.56
-96.66
-95.74
-96.5
-96.74
-95.69
-96.04
-96.8
-97.28
-96.38
-96.45
-95.54
-95.8
-95.55
-94.98
-97.42
-96.63
-95.68
-96.28
-96.63
-96.41
-95.93
-95.09
-95.58
-95.56
-95.61
-95.68
-96.36
-94.86
-95.69
-94.44
-94.89
-95.34
-94.44
-94.82
-96.5
-95.05
-95.26
-94.69
-96.14
-95.56
-94.24
-94.9
-96.15
-95.25
-95.3
-95.36
-93.39
-94.8
-94.92
-94.28
-94.45
-94.66
-96.42
-95.08
-95.47
-94.68
-94.81
-94.95
-94.25
-94.88
-94.41
-94.59
-95.36
-95.79
-93.97
-94.38
-95.28
-94.85
-95.56
-94.05
-94.85
-94.05
-95.35
-95.27
-94.17
-94.53
-94.56
-92.9
-94.49
-94.24
-93.9
-92.51
-93.68
-94.49
-95.21
-94.99
-94.77
-94.95
-95.67
-95.07
-97.19
-94.29
-94.98
-96.26
-96.41
-96.19
-96.33
-96.33
-96.46
-95.78
-97.23
-96.73
-95.94
-96.19
-96.13
-96.69
-96.06
-96.51
-96.59
-97.2
-96.58
-96.36
-97.36
-97.62
-97.99
-96.89
-97.17
-95.69
-96.84
-95.48
-96.04
-95.59
-95.12
-96.14
-96.12
-95.4
-95.49
-95.62
-96.18
-96.75
-95.97
-94.94
-95.81
-95.05
-96.53
-95.6
-94.93
-95.94
-96.58
-95.54
-95.19
-95.94
-94.07
-94.14
-94.82
-94.57
-94.36
-94.5
-95.74
-94.53
-95.55
-94.31
-94.28
-95.44
-94.98
-94.64
-93.75
-94.58
-94.65
-94.4
-94.48
-95.08
-94.56
-95.44
-97.28
-94.4
-95.54
-96.72
-96.17
-94.59
-94.39
-94.65
-95.97
-96.41
-95.68
-95.61
-95.93
-95.54
-94.69
-94.9
-95.75
-96.23
-94.77
-97.12
-96.32
-96.08
-97.19
-96.41
-96.12
-96.71
-96.0
-95.85
-96.25
-96.13
-96.08
-96.19
-97.03
-97.59
-96.09
-96.97
-97.37
-97.04
-97.06
-97.26
-97.17
-97.14
-97.24
-97.29
-94.96
-95.84
-96.72
-95.22
-94.0
-92.28
-94.75
-95.73
-94.88
-95.27
-95.86
-95.07
-96.02
-93.86
-94.7
-94.24
-95.89
-93.62
-95.66
-95.24
-95.41
-95.77
-95.75
-94.97
-94.79
-95.01
-95.48
-96.12
-94.91
-96.75
-96.06
-95.53
-93.71
-95.8
-96.31
-95.49
-94.99
-94.48
-95.26
-94.18
-94.11
-94.9
-95.58
-96.01
-95.6
-94.8
-93.36
-95.24
-94.87
-94.54
-94.15
-94.37
-93.64
-94.14
-94.1
-95.08
-94.95
-94.4
-95.64
-95.14
-94.44
-94.24
-95.99
-93.53
-94.72
-92.9
-93.86
-93.92
-92.56
-95.0
-93.15
-93.96
-94.78
-95.48
-93.92
-94.23
-95.57
-95.36
-96.33
-95.86
-95.62
-97.18
-95.73
-95.77
-94.15
-94.3
-96.23
-94.67
-94.18
-94.56
-96.37
-95.62
-94.21
-94.7
-93.59
-94.34
-94.55
-94.65
-93.63
-94.4
-95.18
-93.84
-95.3
-95.23
-94.63
-94.64
-94.48
-94.34
-94.85
-94.81
-95.51
-94.11
-94.38
-94.96
-94.74
-93.32
-96.07
-96.27
-95.83
-93.64
-94.9
-95.02
-94.84
-94.65
-95.52
-95.11
-96.65
-95.22
-95.27
-95.69
-95.21
-95.98
-95.77
-96.18
-96.52
-96.6
-96.46
-96.72
-96.29
-96.76
-95.77
-96.04
-96.64
-95.17
-95.73
-96.06
-96.38
-95.32
-95.19
-94.52
-95.24
-94.8
-95.59
-95.81
-93.92
-95.8
-94.15
-93.26
-95.56
-94.24
-95.06
-95.2
-92.48
-93.74
-95.46
-94.87
-93.44
-95.29
-95.19
-96.81
-95.8
-95.22
-97.51
-96.22
-96.88
-96.79
-95.34
-96.62
-96.9
-97.04
-96.25
-97.63
-96.46
-96.86
-96.49
-95.99
-97.12
-97.31
-97.44
-96.88
-97.33
-97.67
-97.11
-96.31
-97.15
-96.31
-95.96
-96.78
-96.47
-97.32
-95.99
-96.24
-96.4
-96.06
-96.1
-96.12
-96.45
-96.91
-95.49
-96.64
-96.01
-95.86
-96.58
-96.84
-95.97
-95.84
-97.1
-96.33
-96.65
-96.83
-97.52
-96.39
-96.0
-95.81
-96.26
-96.19
-95.46
-96.69
-96.69
-96.49
-96.51
-95.86
-96.37
-96.87
-96.42
-96.64
-96.92
-96.03
-95.38
-95.03
-96.66
-96.36
-96.17
-96.32
-97.51
-95.92
-95.95
-95.8
-96.3
-96.13
-96.08
-96.22
-94.84
-94.54
-93.53
-95.11
-94.41
-95.43
-95.99
-95.14
-95.33
-94.01
-93.27
-94.85
-95.84
-95.73
-95.98
-96.8
-96.05
-96.36
-96.06
-96.04
-95.39
-96.34
-95.16
-95.39
-95.6
-95.94
-96.71
-96.57
-97.1
-96.98
-96.22
-96.29
-96.66
-96.25
-94.98
-95.8
-96.49
-96.71
-95.98
-97.03
-96.44
-95.52
-96.69
-96.91
-95.96
-96.3
-95.42
-95.61
-95.33
-96.93
-95.82
-96.41
-96.43
-96.06
-95.77
-95.83
-94.34
-95.65
-95.47
-95.79
-95.36
-96.2
-95.95
-94.65
-95.4
-96.63
-96.35
-96.15
-96.74
-94.91
-94.17
-94.14
-94.35
-96.4
-94.82
-94.69
-95.89
-94.64
-94.9
-94.93
-94.87
-95.65
-94.58
-94.51
-96.56
-94.66
-95.47
-95.59
-94.46
-95.59
-96.76
-95.21
-95.63
-95.68
-96.09
-95.85
-95.74
-95.81
-96.49
-95.95
-95.53
-96.66
-95.45
-96.88
-96.72
-96.52
-95.99
-95.43
-95.83
-95.79
-94.34
-94.29
-95.32
-96.01
-96.48
-96.9
-95.86
-96.25
-94.7
-94.73
-94.07
-94.58
-96.27
-96.05
-96.1
-95.73
-97.3
-95.9
-96.36
-96.76
-96.2
-95.8
-95.53
-96.0
-96.16
-95.97
-95.78
-95.66
-96.64
-95.95
-95.9
-94.9
-95.53
-97.49
-96.93
-97.02
-94.93
-95.61
-95.81
-95.64
-96.37
-95.64
-96.89
-96.94
-97.01
-96.26
-96.08
-95.68
-95.64
-95.98
-93.37
-94.29
-95.35
-96.38
-96.63
-95.84
-95.43
-94.93
-94.33
-95.45
-95.48
-94.84
-95.24
-94.57
-95.79
-96.16
-94.14
-95.51
-95.71
-95.47
-96.09
-95.28
-95.36
-95.4
-94.62
-93.94
-95.03
-94.68
-95.7
-96.17
-96.25
-96.25
-95.99
-95.08
-95.55
-95.6
-95.18
-96.45
-93.89
-96.46
-95.99
-96.31
-96.14
-96.61
-96.2
-96.74
-96.63
-96.61
-95.37
-96.5
-95.97
-97.04
-96.73
-96.1
-96.1
-96.04
-96.86
-95.05
-95.22
-96.37
-95.72
-95.91
-96.38
-96.27
-95.3
-96.53
-94.21
-94.37
-97.14
-96.08
-95.39
-94.97
-95.99
-95.55
-95.47
-96.49
-95.18
-95.66
-95.55
-96.77
-96.58
-97.43
-95.45
-95.52
-96.53
-97.01
-96.91
-96.97
-96.66
-96.65
-96.49
-96.4
-96.16
-97.4
-96.27
-96.41
-97.14
-96.65
-96.8
-96.16
-96.02
-94.64
-95.61
-94.88
-95.24
-95.76
-96.62
-95.43
-95.87
-96.6
-95.95
-95.87
-95.97
-95.82
-96.52
-95.86
-95.99
-96.55
-96.65
-96.1
-96.57
-95.41
-94.99
-96.34
-95.99
-96.44
-96.75
-96.94
-95.87
-95.46
-95.66
-96.0
-96.04
-96.01
-96.45
-95.63
-95.8
-96.69
-96.93
-96.23
-97.38
-96.14
-96.19
-96.04
-96.71
-97.1
-96.86
-95.56
-96.75
-97.12
-96.35
-95.57
-95.64
-95.87
-95.08
-95.95
-96.2
-94.59
-96.47
-96.21
-96.17
-96.8
-96.46
-97.2
-97.16
-96.31
-96.9
-96.47
-95.85
-95.11
-95.04
-97.45
-96.46
-95.86
-96.63
-97.18
-97.81
-96.71
-95.64
-95.06
-95.01
-96.47
-96.46
-96.33
-95.58
-95.79
-96.56
-97.06
-96.3
-95.64
-96.28
-96.13
-96.16
-95.82
-96.05
-95.81
-96.72
-96.38
-96.08
-95.13
-96.21
-96.01
-94.97
-95.96
-96.55
-95.7
-97.05
-96.9
-96.99
-97.29
-95.57
-96.1
-96.11
-95.26
-96.15
-96.8
-95.87
-95.71
-95.1
-96.28
-95.43
-94.43
-95.13
-95.93
-94.87
-95.07
-94.94
-95.57
-94.62
-94.83
-93.96
-94.9
-95.19
-95.63
-95.03
-95.73
-93.96
-95.62
-95.22
-95.57
-95.36
-96.72
-94.75
-95.32
-95.28
-96.56
-96.49
-95.5
-97.12
-96.23
-96.53
-96.11
-96.41
-96.95
-95.59
-96.15
-96.41
-95.27
-96.9
-95.65
-96.36
-96.51
-96.54
-97.78
-97.24
-97.83
-97.05
-97.02
-96.72
-97.04
-96.68
-96.72
-96.76
-96.54
-96.85
-96.72
-97.22
-97.19
-96.96
-96.63
-96.46
-96.16
-96.84
-95.27
-95.37
-96.62
-96.47
-96.27
-95.76
-95.11
-97.03
-96.13
-94.93
-95.46
-96.31
-96.36
-96.14
-96.68
-97.01
-96.64
-96.14
-95.95
-97.54
-96.54
-95.17
-96.49
-96.87
-95.91
-95.73
-96.08
-95.35
-97.35
-96.7
-96.26
-96.96
-97.37
-96.62
-97.08
-97.49
-96.75
-97.03
-97.65
-96.69
-96.97
-97.15
-96.34
-96.17
-95.34
-96.74
-95.91
-96.2
-96.11
-94.69
-96.67
-96.19
-95.95
-95.32
-96.43
-96.05
-96.08
-96.6
-95.7
-95.92
-94.66
-95.76
-95.3
-96.39
-96.6
-95.0
-96.53
-96.2
-95.14
-97.25
-95.67
-96.42
-96.06
-95.79
-96.61
-96.43
-96.5
-95.61
-97.1
-97.27
-95.61
-96.24
-97.13
-95.83
-96.16
-95.92
-96.79
-97.19
-97.0
-95.86
-96.4
-96.4
-97.4
-96.41
-96.9
-96.78
-96.39
-95.94
-96.31
-96.91
-96.12
-96.45
-96.76
-96.4
-96.19
-96.07
-96.15
-96.44
-94.46
-95.58
-96.29
-96.09
-95.81
-96.44
-94.92
-96.53
-96.2
-95.96
-94.73
-94.68
-95.78
-96.53
-96.5
-96.66
-96.87
-96.29
-96.21
-96.9
-96.53
-96.33
-96.34
-95.74
-96.7
-96.48
-95.77
-95.67
-97.14
-96.97
-96.21
-96.63
-96.95
-97.13
-97.24
-96.61
-97.62
-96.71
-97.58
-95.83
-95.73
-97.26
-97.0
-96.71
-96.88
-97.31
-97.2
-97.56
-97.17
-97.92
-97.94
-97.53
-96.62
-96.47
-97.52
-97.35
-97.27
-97.35
-98.08
-97.42
-97.38
-96.37
-96.92
-97.38
-96.79
-97.05
-96.34
-96.74
-95.65
-96.27
-96.38
-95.32
-96.49
-95.86
-97.13
-96.6
-95.66
-96.01
-96.35
-96.57
-96.38
-96.44
-95.54
-96.89
-96.68
-96.17
-96.18
-95.81
-96.67
-95.95
-95.69
-95.65
-96.66
-96.52
-95.85
-96.91
-95.83
-96.15
-96.0
-97.21
-97.15
-96.35
-95.49
-95.44
-96.01
-96.65
-96.94
-97.71
-95.81
-95.87
-96.73
-97.32
-96.59
-96.94
-98.0
-96.6
-97.59
-97.39
-97.21
-96.14
-96.33
-97.04
-95.58
-96.34
-95.83
-96.29
-96.76
-95.81
-96.15
-96.93
-97.32
-96.88
-96.55
-95.39
-96.83
-95.86
-96.77
-96.24
-97.04
-97.63
-97.05
-97.44
-96.83
-96.96
-97.03
-96.19
-96.87
-95.81
-95.42
-95.57
-96.03
-96.45
-96.87
-96.17
-95.98
-96.3
-96.6
-96.67
-96.01
-96.02
-97.55
-96.43
-95.58
-96.25
-97.54
-95.87
-97.12
-96.21
-96.52
-95.95
-96.56
-95.69
-96.12
-96.72
-94.45
-96.09
-97.1
-97.16
-96.66
-95.38
-96.27
-96.9
-96.41
-97.15
-95.68
-95.89
-96.3
-96.32
-96.73
-96.26
-96.58
-97.22
-96.58
-96.08
-96.6
-96.89
-96.96
-95.08
-95.4
-97.32
-97.56
-97.78
-98.33
-97.59
-96.53
-96.43
-97.07
-97.72
-97.24
-95.9
-95.94
-97.3
-97.47
-96.23
-95.79
-97.31
-95.8
-95.46
-96.38
-96.5
-96.36
-96.68
-96.06
-96.64
-95.78
-97.32
-96.05
-97.72
-95.92
-96.92
-96.91
-96.43
-97.26
-97.12
-96.14
-95.73
-97.19
-97.12
-96.19
-97.18
-97.3
-97.06
-95.58
-95.44
-96.56
-95.74
-95.69
-96.76
-95.6
-95.47
-95.4
-95.79
-94.58
-96.9
-95.54
-95.89
-96.39
-95.45
-96.48
-96.28
-95.62
-95.66
-95.54
-97.08
-96.07
-96.38
-96.36
-95.66
-95.56
-96.6
-97.27
-97.07
-96.86
-97.02
-97.29
-96.67
-96.4
-96.86
-97.49
-97.14
-96.27
-96.71
-95.58
-95.34
-94.36
-95.67
-95.59
-94.94
-95.54
-96.13
-95.55
-95.78
-95.39
-94.46
-96.32
-96.57
-95.49
-96.2
-95.89
-96.64
-97.06
-97.62
-98.02
-96.62
-96.59
-97.22
-97.18
-97.84
-96.43
-94.69
-95.44
-96.46
-94.72
-95.67
-95.82
-95.68
-96.09
-96.31
-95.51
-95.66
-93.74
-95.43
-95.51
-94.47
-96.13
-95.74
-94.63
-95.63
-95.83
-96.11
-94.34
-95.08
-96.1
-94.48
-95.67
-95.28
-95.58
-95.42
-96.23
-95.23
-96.02
-96.53
-94.02
-94.7
-96.66
-96.19
-95.65
-96.41
-94.64
-96.88
-95.5
-94.88
-94.92
-94.88
-96.19
-94.59
-95.09
-95.35
-95.38
-95.1
-95.34
-94.39
-94.7
-96.07
-95.11
-94.07
-96.03
-94.82
-93.45
-93.84
-94.24
-93.86
-95.29
-94.51
-95.32
-94.64
-94.78
-93.16
-95.52
-95.06
-94.73
-95.67
-95.56
-94.73
-94.62
-93.47
-94.64
-95.18
-95.81
-94.86
-94.11
-95.85
-94.79
-95.14
-94.91
-93.98
-95.51
-95.47
-93.74
-95.81
-95.92
-95.29
-95.1
-95.32
-96.03
-95.05
-93.77
-94.0
-91.64
-93.86
-94.45
-94.16
-95.02
-94.7
-96.74
-95.26
-95.15
-97.04
-95.01
-96.61
-94.63
-96.3
-95.56
-97.43
-96.47
-97.05
-96.53
-95.93
-96.16
-97.45
-95.16
-96.71
-95.58
-95.47
-95.14
-95.69
-94.87
-95.83
-94.55
-95.74
-95.36
-95.02
-94.89
-94.48
-96.28
-94.9
-95.46
-94.86
-95.58
-96.18
-96.4
-95.58
-96.24
-94.62
-95.31
-95.68
-95.24
-96.44
-95.89
-96.47
-96.65
-96.03
-95.28
-95.56
-94.35
-94.1
-96.22
-95.77
-96.8
-95.11
-96.63
-95.46
-95.31
-95.61
-95.8
-95.66
-94.51
-94.7
-96.14
-95.1
-95.26
-95.14
-95.09
-94.22
-94.55
-95.41
-95.24
-94.8
-92.88
-92.91
-95.58
-95.33
-93.16
-95.57
-95.48
-93.57
-95.85
-95.57
-95.53
-96.43
-95.25
-95.74
-96.0
-95.85
-95.11
-96.26
-96.14
-94.44
-96.16
-96.12
-95.91
-96.26
-95.09
-95.71
-94.92
-96.32
-95.38
-95.07
-95.01
-93.96
-94.45
-94.83
-94.5
-95.34
-94.44
-95.07
-95.03
-92.44
-93.48
-93.08
-92.87
-93.98
-94.39
-94.14
-94.72
-94.91
-95.27
-95.97
-94.87
-94.84
-95.89
-95.09
-95.38
-95.5
-95.77
-95.69
-94.63
-95.49
-96.88
-96.98
-94.94
-95.6
-96.57
-94.41
-95.68
-96.57
-97.08
-96.57
-96.33
-96.41
-95.9
-95.83
-96.04
-95.73
-94.84
-95.71
-95.29
-94.65
-96.44
-93.86
-95.76
-95.52
-95.22
-95.46
-95.69
-94.87
-95.88
-96.72
-97.1
-96.68
-96.25
-95.68
-96.25
-95.59
-96.59
-97.27
-97.92
-95.39
-95.78
-96.28
-96.41
-95.84
-94.93
-95.81
-96.63
-96.69
-95.58
-95.38
-96.03
-96.43
-96.33
-96.54
-96.55
-95.95
-95.54
-96.22
-96.96
-96.04
-96.66
-96.5
-94.94
-95.3
-96.68
-95.96
-95.77
-95.85
-96.11
-95.94
-95.89
-95.73
-95.06
-95.24
-95.38
-95.47
-95.02
-96.19
-96.15
-96.94
-94.58
-96.46
-95.7
-95.31
-95.79
-96.09
-96.77
-96.3
-96.84
-97.25
-96.32
-95.8
-95.45
-95.25
-96.23
-96.26
-96.07
-97.03
-95.64
-96.11
-96.84
-97.03
-96.96
-96.17
-96.49
-96.28
-96.33
-96.67
-96.61
-96.41
-97.81
-98.07
-96.9
-97.59
-95.8
-97.61
-95.95
-95.26
-95.56
-95.57
-96.46
-95.92
-96.12
-95.77
-96.19
-96.96
-95.79
-95.85
-96.13
-97.25
-96.38
-96.51
-97.49
-96.27
-97.51
-97.48
-96.49
-97.58
-98.08
-98.26
-97.93
-97.5
-97.45
-97.36
-96.51
-96.88
-97.89
-97.66
-96.06
-96.97
-97.72
-96.29
-96.14
-95.52
-97.8
-97.3
-96.73
-97.36
-96.68
-96.55
-97.46
-97.1
-96.09
-96.37
-95.52
-96.07
-96.57
-97.1
-95.56
-94.6
-96.29
-95.8
-96.24
-96.06
-95.01
-96.21
-96.23
-95.85
-96.41
-96.22
-96.2
-94.87
-96.61
-95.03
-96.25
-95.96
-95.06
-94.82
-96.38
-95.33
-96.66
-96.72
-96.87
-96.77
-96.61
-96.16
-96.21
-96.77
-97.25
-96.9
-96.41
-96.51
-96.8
-96.48
-97.3
-97.19
-97.08
-96.3
-97.8
-96.89
-96.71
-96.1
-95.34
-96.75
-96.35
-94.96
-96.07
-95.54
-96.69
-96.17
-96.3
-95.52
-95.31
-97.66
-96.85
-97.51
-96.59
-97.0
-95.72
-97.29
-95.45
-94.77
-96.47
-96.33
-96.51
-95.58
-96.93
-95.78
-96.53
-97.42
-95.78
-94.85
-96.53
-94.95
-96.22
-95.58
-95.99
-96.61
-94.55
-94.55
-95.29
-96.07
-95.13
-95.68
-95.34
-96.68
-95.27
-95.75
-95.85
-95.21
-95.37
-96.16
-94.46
-95.46
-96.17
-95.18
-94.41
-94.14
-95.34
-96.13
-95.8
-94.1
-95.14
-95.78
-95.81
-97.0
-95.88
-95.95
-96.57
-94.8
-96.2
-94.78
-95.22
-95.53
-95.35
-95.41
-95.89
-95.99
-95.38
-96.6
-96.19
-96.21
-96.81
-95.71
-96.66
-96.09
-97.04
-95.86
-95.51
-95.47
-95.89
-94.4
-96.19
-96.48
-95.05
-95.88
-96.48
-96.24
-96.37
-96.31
-94.2
-95.37
-95.9
-96.29
-95.9
-95.51
-96.09
-95.99
-93.61
-95.5
-95.29
-95.46
-96.25
-96.17
-96.33
-95.66
-96.05
-96.55
-95.83
-96.33
-97.16
-96.57
-95.92
-95.55
-96.28
-95.8
-96.09
-94.69
-95.51
-95.09
-94.61
-95.79
-95.88
-93.75
-95.0
-94.67
-93.69
-94.68
-95.47
-94.1
-94.87
-95.67
-96.42
-96.0
-96.04
-95.59
-95.76
-96.31
-96.13
-95.42
-96.23
-95.61
-96.91
-94.61
-94.71
-94.54
-96.1
-95.99
-96.14
-96.41
-96.58
-96.79
-96.3
-97.01
-96.29
-96.76
-97.19
-96.47
-96.64
-97.44
-95.97
-95.89
-97.7
-96.09
-96.46
-96.75
-96.8
-96.54
-96.38
-97.33
-96.72
-96.76
-97.41
-97.79
-96.82
-97.47
-96.67
-96.66
-96.86
-96.96
-97.57
-95.89
-96.8
-96.57
-97.06
-96.67
-96.11
-97.03
-97.52
-97.47
-96.4
-97.29
-96.38
-97.42
-97.06
-96.82
-97.0
-96.56
-96.14
-96.95
-96.97
-96.82
-96.41
-96.62
-96.42
-97.07
-96.42
-97.74
-97.97
-96.09
-97.81
-97.24
-98.06
-97.0
-97.81
-97.19
-96.86
-97.48
-96.67
-97.2
-96.61
-96.37
-96.88
-97.85
-97.15
-97.66
-95.65
-96.99
-97.03
-97.02
-96.76
-97.05
-96.26
-96.87
-96.3
-96.87
-95.9
-95.75
-96.55
-97.36
-97.14
-97.23
-96.22
-95.93
-95.87
-96.01
-95.06
-96.97
-97.03
-96.66
-96.36
-96.46
-97.26
-97.06
-96.46
-97.47
-97.13
-96.78
-97.28
-96.83
-96.58
-97.53
-96.89
-97.36
-96.25
-97.26
-96.0
-96.4
-95.73
-95.48
-96.51
-95.28
-96.83
-96.01
-95.72
-94.74
-96.59
-96.95
-97.29
-97.32
-97.27
-96.23
-96.67
-97.88
-97.6
-97.69
-97.7
-97.77
-96.43
-97.69
-97.76
-97.0
-97.14
-97.34
-96.79
-97.16
-96.75
-96.26
-97.58
-96.71
-96.9
-97.41
-97.53
-97.88
-96.65
-97.01
-96.77
-97.89
-96.99
-97.17
-96.63
-97.1
-97.01
-97.08
-97.8
-97.07
-96.13
-96.98
-97.1
-97.23
-97.33
-97.3
-97.25
-97.24
-97.27
-98.02
-97.18
-98.08
-97.82
-96.37
-96.34
-97.17
-97.84
-96.45
-97.28
-97.68
-97.23
-96.52
-97.32
-97.02
-96.72
-97.87
-95.21
-97.57
-96.53
-97.2
-97.66
-97.03
-97.66
-97.01
-96.61
-96.38
-96.52
-97.02
-97.32
-97.31
-97.12
-96.63
-97.08
-96.82
-97.43
-97.06
-97.15
-95.84
-96.74
-97.03
-97.24
-96.91
-97.64
-96.36
-98.23
-97.9
-97.26
-97.3
-97.06
-97.3
-96.65
-95.69
-96.79
-97.08
-95.62
-95.91
-96.35
-96.04
-95.79
-95.56
-96.34
-95.17
-96.2
-95.3
-96.09
-96.74
-95.99
-96.13
-96.6
-96.5
-95.78
-96.28
-96.85
-94.54
-96.21
-96.04
-95.02
-94.84
-95.06
-96.56
-94.99
-95.24
-95.94
-95.03
-95.83
-95.51
-95.12
-96.32
-96.39
-96.72
-95.56
-96.09
-95.89
-94.54
-95.62
-95.66
-96.34
-96.6
-95.48
-96.11
-96.11
-94.9
-95.13
-95.25
-94.14
-94.61
-95.3
-95.28
-95.93
-95.27
-95.64
-95.36
-96.23
-94.96
-96.9
-95.42
-95.11
-94.31
-96.32
-95.2
-95.28
-94.68
-94.3
-95.69
-95.89
-95.98
-95.11
-95.44
-94.25
-95.78
-94.67
-94.77
-94.45
-95.14
-95.15
-95.49
-94.61
-95.72
-93.02
-95.56
-93.9
-95.11
-94.71
-95.67
-94.26
-95.44
-94.58
-94.6
-94.38
-95.63
-94.72
-93.92
-95.31
-93.94
-92.7
-94.24
-94.68
-94.75
-95.83
-95.98
-95.54
-95.36
-94.62
-93.94
-92.65
-93.27
-94.79
-95.14
-95.07
-94.16
-93.85
-95.45
-95.42
-95.03
-93.64
-96.21
-94.03
-95.23
-94.21
-94.08
-95.54
-94.45
-95.57
-94.14
-95.21
-95.54
-95.31
-95.32
-94.2
-94.99
-93.82
-95.11
-95.58
-95.21
-94.78
-95.65
-94.08
-94.76
-95.31
-94.97
-96.18
-95.74
-95.48
-93.37
-96.49
-95.24
-94.15
-95.07
-96.07
-95.69
-94.96
-94.39
-94.49
-95.27
-95.19
-95.13
-93.65
-93.97
-95.12
-96.33
-95.32
-95.76
-93.13
-94.56
-95.18
-95.6
-95.64
-94.92
-94.1
-94.85
-95.71
-93.85
-94.81
-96.04
-94.73
-94.17
-95.0
-94.34
-93.35
-94.45
-95.81
-94.64
-96.68
-97.2
-94.25
-95.23
-94.97
-95.15
-94.14
-94.65
-96.25
-95.51
-95.51
-95.65
-94.37
-94.6
-95.25
-95.12
-94.23
-95.77
-96.94
-97.12
-94.9
-95.29
-96.06
-95.58
-95.27
-95.4
-95.27
-95.66
-95.12
-94.46
-94.98
-96.17
-95.74
-95.88
-95.78
-96.03
-95.68
-95.6
-94.87
-95.85
-94.64
-95.26
-96.88
-96.4
-97.12
-97.79
-96.51
-97.55
-97.04
-97.35
-97.09
-98.17
-97.27
-97.71
-97.56
-96.4
-97.18
-97.11
-97.2
-96.42
-97.32
-96.27
-97.78
-96.51
-97.39
-97.06
-97.13
-97.02
-97.3
-97.15
-95.54
-95.93
-96.11
-96.74
-96.44
-95.65
-96.12
-96.99
-95.32
-96.08
-97.51
-96.82
-96.31
-96.06
-96.5
-97.25
-95.07
-96.39
-96.61
-95.22
-95.82
-96.48
-95.91
-96.46
-96.37
-95.01
-96.74
-96.83
-95.96
-96.39
-96.63
-95.84
-96.92
-96.15
-94.77
-96.23
-96.08
-95.91
-97.04
-95.94
-97.21
-96.35
-96.03
-94.95
-95.13
-95.14
-95.86
-95.08
-95.64
-96.54
-96.68
-95.71
-95.73
-94.3
-95.97
-95.99
-95.15
-95.94
-96.69
-95.42
-96.02
-96.08
-96.11
-95.98
-94.45
-94.91
-95.75
-95.81
-95.34
-95.61
-96.04
-96.72
-94.83
-95.82
-95.28
-96.58
-96.2
-96.62
-96.11
-96.9
-94.97
-95.87
-96.55
-96.86
-97.28
-97.21
-97.28
-97.23
-95.83
-95.12
-96.5
-96.78
-97.14
-97.34
-95.78
-96.5
-95.55
-96.23
-96.23
-96.34
-96.96
-96.33
-96.48
-96.82
-96.34
-96.12
-96.95
-96.13
-94.89
-97.04
-95.62
-96.32
-95.86
-95.94
-95.73
-95.3
-95.93
-96.82
-96.66
-97.28
-95.6
-96.83
-95.94
-97.43
-95.74
-95.73
-96.78
-95.79
-96.3
-97.11
-96.96
-96.2
-95.74
-95.61
-95.43
-96.56
-97.54
-96.3
-95.79
-97.97
-95.51
-96.87
-97.65
-97.48
-97.75
-98.1
-96.97
-96.99
-96.66
-96.5
-96.33
-96.3
-96.54
-97.45
-95.05
-96.23
-96.21
-96.08
-96.63
-96.15
-96.51
-97.18
-96.24
-95.53
-95.88
-95.93
-96.07
-95.18
-96.26
-95.55
-96.4
-96.89
-95.58
-95.72
-95.69
-96.79
-96.57
-96.12
-96.28
-96.32
-96.13
-96.37
-95.65
-95.46
-96.88
-95.99
-97.01
-96.55
-95.47
-95.52
-95.32
-96.75
-94.37
-96.31
-96.39
-96.29
-96.42
-96.36
-95.54
-94.89
-96.36
-95.94
-95.52
-96.19
-96.26
-95.67
-95.76
-95.19
-95.0
-95.58
-96.21
-95.72
-95.55
-96.22
-96.58
-95.33
-95.42
-95.47
-94.59
-96.31
-95.0
-96.63
-95.62
-95.09
-95.84
-95.75
-96.27
-96.04
-96.18
-95.17
-94.85
-95.35
-95.81
-95.9
-96.8
-95.09
-95.01
-95.13
-95.49
-95.98
-96.34
-95.9
-94.95
-95.82
-95.3
-94.08
-95.71
-94.55
-95.35
-95.24
-95.35
-96.09
-94.92
-95.66
-95.48
-95.67
-96.84
-95.29
-96.04
-95.08
-95.03
-96.08
-95.35
-95.97
-95.62
-95.56
-95.04
-96.05
-95.75
-95.71
-95.5
-96.07
-94.92
-95.66
-96.45
-95.07
-95.87
-96.03
-94.82
-96.31
-95.0
-95.74
-96.44
-96.04
-95.28
-95.68
-94.49
-94.44
-94.64
-95.41
-94.29
-94.76
-95.43
-95.48
-94.83
-96.12
-96.32
-94.67
-92.77
-94.04
-94.31
-94.42
-94.88
-95.11
-95.0
-95.54
-94.29
-95.48
-95.84
-94.03
-94.7
-93.74
-95.23
-95.57
-96.07
-94.19
-95.95
-95.97
-96.06
-96.14
-94.31
-94.44
-94.17
-95.11
-94.5
-96.28
-95.57
-95.22
-94.99
-94.74
-95.48
-94.78
-96.05
-95.92
-97.49
-96.48
-97.36
-96.17
-95.86
-96.83
-96.59
-95.76
-95.33
-96.87
-96.0
-95.73
-95.77
-96.59
-96.92
-96.67
-95.73
-96.38
-96.27
-96.0
-94.82
-95.91
-94.73
-95.38
-95.76
-96.02
-95.55
-94.38
-96.29
-95.06
-95.65
-96.16
-95.15
-95.69
-95.57
-94.2
-94.96
-96.18
-96.37
-95.26
-96.05
-96.06
-96.53
-96.7
-94.86
-95.0
-94.82
-95.21
-95.88
-96.15
-93.39
-94.63
-94.97
-95.16
-95.79
-95.39
-94.08
-96.32
-95.1
-95.53
-94.49
-95.2
-94.33
-95.23
-96.13
-96.63
-97.05
-94.56
-95.85
-96.04
-95.04
-95.48
-95.8
-96.16
-95.76
-96.3
-96.93
-96.06
-96.78
-96.58
-96.24
-95.48
-97.3
-96.34
-96.36
-96.09
-97.47
-97.75
-96.1
-96.16
-97.1
-95.89
-96.85
-95.85
-96.63
-95.93
-95.69
-94.43
-95.96
-95.48
-96.28
-97.0
-97.3
-95.81
-96.06
-95.59
-95.65
-95.26
-96.76
-96.57
-96.68
-95.98
-96.34
-96.11
-95.77
-95.91
-95.9
-95.47
-94.49
-95.52
-96.4
-96.21
-96.13
-96.81
-95.99
-96.06
-96.64
-95.04
-95.88
-95.64
-94.76
-95.56
-93.6
-95.52
-95.81
-95.3
-95.09
-95.64
-94.4
-94.79
-94.86
-93.74
-94.93
-95.51
-95.71
-94.99
-94.64
-94.62
-94.41
-95.95
-93.76
-93.72
-95.63
-95.84
-96.27
-94.98
-95.9
-95.91
-95.88
-96.31
-94.33
-94.42
-95.64
-94.6
-95.32
-95.91
-95.11
-95.49
-95.6
-94.76
-95.68
-95.24
-96.06
-95.38
-94.06
-95.7
-95.81
-95.94
-96.17
-95.61
-94.48
-94.52
-95.22
-94.81
-95.59
-95.47
-97.04
-95.02
-94.81
-95.37
-96.34
-94.49
-95.64
-94.84
-95.35
-95.83
-95.14
-94.65
-95.71
-93.4
-94.65
-97.05
-94.61
-94.72
-95.75
-93.53
-95.94
-94.43
-95.35
-94.52
-95.16
-94.45
-95.32
-94.34
-95.62
-95.83
-96.11
-94.72
-95.39
-94.66
-95.49
-94.45
-95.76
-95.2
-96.04
-95.13
-95.04
-94.95
-95.44
-95.07
-94.21
-95.17
-95.05
-95.37
-96.42
-97.35
-95.98
-95.18
-93.54
-95.62
-95.41
-95.99
-95.49
-95.3
-94.53
-94.11
-95.38
-96.1
-95.65
-95.89
-96.32
-97.45
-95.71
-96.75
-95.92
-95.98
-96.41
-96.18
-96.64
-96.19
-95.4
-96.4
-96.23
-96.76
-96.59
-95.86
-97.25
-95.98
-96.66
-97.11
-96.6
-96.81
-94.97
-94.79
-95.51
-95.01
-95.31
-94.96
-94.66
-95.22
-95.86
-94.88
-94.33
-95.65
-94.6
-95.99
-95.75
-95.28
-95.45
-95.73
-95.54
-95.9
-95.25
-94.86
-95.64
-94.16
-94.02
-94.53
-96.69
-94.86
-94.73
-96.01
-94.49
-94.73
-96.07
-94.28
-95.09
-94.3
-96.39
-94.51
-95.05
-95.11
-94.22
-93.48
-94.77
-95.7
-94.07
-95.31
-95.17
-94.34
-93.87
-94.18
-94.95
-94.65
-95.74
-95.85
-95.5
-95.69
-96.36
-96.69
-94.83
-95.92
-96.6
-97.61
-96.48
-96.4
-97.15
-96.64
-96.4
-95.81
-95.33
-96.05
-95.56
-96.3
-95.31
-95.8
-95.94
-95.4
-95.52
-95.59
-94.89
-95.73
-94.96
-95.71
-95.48
-93.92
-95.96
-95.92
-96.45
-95.95
-94.74
-95.86
-95.22
-96.89
-96.41
-95.86
-94.77
-95.61
-96.58
-95.02
-95.93
-94.92
-95.8
-94.25
-94.93
-95.06
-96.22
-95.38
-96.03
-97.53
-96.98
-96.52
-97.5
-96.87
-95.97
-96.34
-97.14
-96.04
-96.03
-96.21
-96.88
-95.92
-96.15
-95.9
-96.11
-96.27
-96.48
-95.9
-96.59
-94.46
-95.66
-95.4
-95.65
-95.74
-94.05
-96.33
-95.1
-96.09
-94.78
-95.82
-95.18
-95.0
-96.42
-95.41
-95.29
-95.33
-95.8
-96.39
-95.66
-95.62
-95.18
-94.73
-94.21
-95.34
-96.45
-94.35
-96.08
-95.49
-95.2
-94.21
-95.48
-95.2
-95.09
-95.55
-95.89
-93.32
-94.72
-94.15
-95.39
-94.6
-95.4
-94.94
-96.25
-94.75
-95.32
-95.6
-95.03
-95.59
-95.66
-95.77
-94.69
-93.43
-94.31
-95.21
-94.35
-94.31
-95.15
-94.0
-95.09
-94.95
-95.02
-94.54
-93.85
-93.55
-96.3
-94.88
-95.74
-94.28
-95.91
-95.43
-94.46
-94.05
-95.45
-94.17
-94.63
-94.74
-96.58
-95.31
-96.15
-95.6
-96.07
-95.41
-95.45
-96.27
-94.94
-95.93
-95.75
-95.91
-95.66
-95.9
-95.98
-95.48
-95.82
-95.66
-96.42
-95.43
-96.29
-94.71
-96.36
-96.24
-96.39
-97.4
-97.1
-97.77
-97.39
-97.54
-96.82
-96.94
-96.54
-96.33
-96.13
-97.69
-95.86
-96.63
-96.05
-96.14
-97.01
-96.8
-97.47
-96.91
-95.39
-96.22
-95.44
-96.34
-96.29
-94.42
-96.88
-95.93
-96.29
-95.92
-95.79
-94.21
-96.52
-95.59
-96.06
-94.28
-95.33
-95.94
-95.4
-96.43
-96.8
-95.47
-95.73
-96.65
-95.27
-94.94
-96.63
-96.52
-96.83
-96.19
-96.5
-97.47
-96.29
-97.67
-96.78
-97.92
-96.37
-97.49
-96.89
-97.32
-97.16
-97.17
-97.51
-96.22
-97.43
-97.23
-97.45
-97.33
-96.58
-96.64
-96.63
-96.29
-96.74
-96.08
-97.77
-97.17
-96.4
-95.68
-95.53
-95.44
-95.31
-96.42
-95.41
-95.33
-96.18
-95.38
-94.89
-96.47
-96.13
-96.12
-96.94
-96.18
-96.61
-95.91
-96.4
-96.6
-97.0
-95.85
-97.23
-95.79
-95.87
-97.62
-95.51
-96.19
-95.6
-95.93
-96.06
-95.96
-96.46
-95.67
-95.36
-94.99
-96.69
-94.64
-95.51
-95.44
-96.32
-95.9
-95.67
-94.15
-96.07
-94.88
-96.2
-96.51
-96.29
-96.22
-95.85
-95.99
-96.34
-95.37
-96.51
-96.57
-95.47
-96.26
-96.37
-95.16
-95.81
-95.96
-96.08
-95.42
-96.13
-96.49
-95.84
-95.34
-94.81
-95.99
-96.41
-95.74
-95.76
-97.13
-95.31
-95.75
-96.02
-96.06
-95.56
-96.17
-96.57
-96.35
-96.56
-95.73
-94.51
-96.67
-96.02
-94.73
-96.21
-95.82
-95.95
-97.02
-96.68
-97.02
-95.38
-96.02
-95.46
-95.17
-95.06
-95.13
-95.73
-95.6
-94.94
-94.85
-95.19
-95.24
-94.78
-96.34
-95.41
-96.19
-95.46
-94.15
-95.47
-94.86
-95.22
-95.64
-95.16
-94.58
-96.16
-95.28
-95.5
-95.56
-95.96
-95.48
-95.56
-97.21
-96.1
-95.21
-96.25
-93.67
-94.72
-95.8
-95.43
-95.39
-94.48
-95.2
-94.95
-94.69
-94.47
-94.61
-95.14
-95.4
-95.82
-95.43
-95.08
-95.11
-94.66
-94.89
-94.85
-95.32
-94.89
-94.89
-96.23
-95.1
-94.14
-95.78
-96.44
-96.08
-96.95
-96.02
-96.4
-97.12
-94.72
-94.71
-95.28
-96.01
-95.79
-95.51
-94.3
-96.7
-96.53
-95.11
-96.2
-93.75
-95.76
-94.41
-95.31
-94.91
-95.23
-94.53
-96.04
-95.22
-94.28
-95.19
-94.23
-95.02
-94.76
-94.35
-94.85
-93.91
-95.89
-93.77
-93.97
-95.39
-94.13
-93.59
-94.28
-93.63
-94.24
-94.88
-95.57
-94.61
-95.75
-94.36
-93.87
-93.7
-94.54
-95.31
-94.22
-94.4
-94.23
-95.04
-94.08
-93.57
-94.32
-94.87
-95.95
-96.13
-94.7
-92.64
-94.28
-94.52
-93.56
-94.62
-95.39
-95.02
-96.05
-96.35
-93.64
-95.56
-95.93
-95.96
-95.34
-95.55
-96.2
-96.53
-96.95
-96.81
-96.05
-95.91
-96.26
-95.32
-96.46
-96.93
-95.98
-96.54
-96.24
-96.51
-96.49
-96.14
-96.25
-95.75
-95.56
-95.44
-97.26
-96.16
-97.21
-95.51
-96.2
-96.23
-96.57
-96.1
-96.37
-95.5
-95.96
-95.33
-96.47
-95.43
-95.08
-93.84
-94.31
-93.08
-93.33
-95.5
-93.79
-94.77
-94.32
-95.66
-93.33
-95.19
-93.69
-92.98
-95.22
-95.34
-95.84
-95.65
-93.52
-95.86
-95.14
-93.57
-94.32
-93.26
-94.85
-94.21
-94.56
-93.99
-93.64
-94.31
-94.56
-94.0
-94.06
-94.53
-94.03
-94.99
-95.63
-95.39
-94.96
-94.74
-94.02
-94.85
-92.09
-93.04
-93.93
-94.45
-95.55
-94.42
-94.24
-95.0
-92.78
-93.8
-94.37
-94.26
-95.23
-94.37
-94.3
-95.92
-96.26
-93.32
-95.39
-95.83
-95.05
-95.99
-95.55
-95.13
-95.69
-95.76
-94.58
-95.86
-96.4
-94.14
-96.41
-95.27
-94.97
-95.32
-94.96
-95.54
-94.65
-94.78
-94.17
-93.82
-92.08
-95.37
-93.66
-95.63
-94.25
-95.81
-93.79
-94.22
-93.67
-94.46
-94.42
-94.5
-94.44
-94.88
-94.67
-92.56
-94.81
-94.26
-95.59
-95.02
-95.0
-96.27
-96.22
-95.4
-93.59
-95.64
-94.89
-95.58
-94.95
-95.88
-95.91
-96.47
-95.73
-95.15
-96.2
-95.86
-96.91
-95.42
-96.07
-95.66
-95.55
-96.66
-95.61
-96.44
-95.53
-94.75
-95.79
-97.04
-94.02
-93.9
-95.53
-95.92
-95.25
-95.86
-94.93
-95.28
-96.1
-95.96
-96.19
-95.64
-95.59
-95.89
-96.2
-95.01
-95.35
-96.29
-95.78
-95.16
-95.77
-95.66
-96.81
-96.53
-95.48
-93.49
-92.68
-95.32
-95.39
-96.37
-95.16
-94.2
-94.84
-95.39
-95.45
-92.76
-94.83
-95.73
-94.8
-95.69
-94.23
-95.13
-95.68
-95.5
-95.27
-95.42
-96.32
-94.57
-94.92
-94.55
-95.11
-95.07
-95.88
-94.73
-95.85
-95.21
-95.53
-95.03
-95.5
-95.2
-95.98
-95.5
-94.69
-95.5
-95.92
-95.16
-93.96
-95.83
-93.71
-95.93
-95.98
-95.46
-95.15
-95.32
-94.75
-95.37
-95.05
-95.49
-96.95
-96.78
-96.34
-96.69
-95.46
-95.73
-95.92
-96.56
-96.7
-97.14
-96.99
-97.07
-97.33
-96.6
-96.91
-96.86
-96.34
-96.76
-96.33
-96.72
-95.87
-95.63
-95.76
-95.47
-96.26
-96.15
-95.99
-97.41
-96.27
-96.53
-96.79
-96.67
-96.75
-96.22
-97.41
-97.49
-97.35
-95.55
-96.69
-97.39
-96.31
-96.85
-95.97
-97.45
-97.6
-96.84
-96.87
-96.93
-97.03
-96.27
-96.74
-97.62
-97.71
-96.87
-96.93
-97.26
-97.68
-97.62
-97.53
-97.03
-97.36
-97.66
-97.21
-97.1
-96.87
-96.95
-97.76
-96.87
-97.58
-97.06
-97.27
-96.36
-97.65
-98.14
-97.19
-97.72
-97.3
-97.43
-97.42
-96.9
-96.88
-97.07
-97.34
-97.45
-96.53
-96.96
-97.59
-96.84
-97.17
-95.6
-96.74
-96.04
-95.12
-95.95
-96.92
-97.0
-95.87
-97.12
-97.43
-95.81
-96.8
-96.21
-96.72
-97.0
-95.89
-96.45
-96.59
-95.33
-94.55
-96.67
-95.56
-96.54
-95.25
-95.51
-95.75
-94.88
-95.13
-96.07
-96.09
-95.69
-95.17
-94.88
-95.88
-94.83
-95.99
-94.89
-96.0
-95.28
-96.5
-96.28
-97.18
-96.67
-97.57
-95.65
-95.93
-95.81
-95.81
-95.33
-95.84
-96.14
-96.96
-96.65
-96.53
-96.66
-97.45
-96.62
-95.05
-95.66
-95.89
-95.66
-95.96
-95.66
-97.28
-96.22
-96.15
-96.98
-96.79
-96.97
-96.1
-96.05
-96.97
-95.99
-96.89
-96.2
-97.36
-95.84
-96.12
-96.74
-95.01
-96.05
-97.41
-97.6
-97.0
-96.22
-95.38
-96.37
-96.15
-95.98
-96.86
-96.17
-95.49
-96.23
-96.83
-96.07
-95.77
-97.25
-96.92
-96.74
-95.41
-96.8
-95.8
-96.36
-96.63
-96.91
-94.82
-95.03
-98.17
-97.36
-96.34
-96.38
-96.77
-96.12
-96.48
-96.5
-96.37
-97.26
-96.84
-96.06
-96.55
-97.33
-95.9
-96.59
-96.82
-95.81
-96.57
-95.77
-96.88
-96.71
-95.96
-96.31
-96.01
-96.19
-96.18
-96.27
-95.92
-96.46
-96.43
-95.89
-96.15
-96.78
-95.68
-96.64
-96.8
-95.59
-95.0
-94.77
-94.71
-94.61
-95.02
-93.68
-95.88
-95.26
-93.86
-94.31
-94.99
-97.08
-96.69
-96.19
-95.45
-95.59
-94.97
-95.13
-96.22
-94.95
-95.27
-95.68
-94.51
-95.14
-95.01
-95.17
-95.67
-94.73
-95.14
-94.28
-94.47
-96.24
-95.98
-95.39
-95.69
-95.19
-95.48
-96.2
-96.49
-95.04
-95.92
-95.69
-95.3
-96.68
-95.03
-94.79
-94.87
-94.16
-94.49
-95.5
-95.34
-95.16
-95.93
-95.56
-95.45
-95.75
-94.27
-95.44
-95.78
-95.33
-95.49
-94.69
-95.87
-94.84
-95.07
-92.67
-94.11
-95.03
-95.62
-96.18
-95.32
-95.24
-95.75
-95.33
-95.14
-94.33
-95.67
-95.15
-96.21
-94.55
-95.13
-94.53
-94.93
-94.55
-96.29
-95.61
-96.0
-94.57
-95.38
-96.41
-95.87
-95.74
-94.66
-97.14
-95.44
-95.71
-95.69
-94.69
-94.06
-95.42
-95.21
-95.89
-95.56
-94.8
-95.46
-94.04
-94.64
-96.27
-95.5
-95.02
-95.68
-94.42
-93.48
-92.57
-94.29
-93.98
-94.26
-94.27
-94.95
-95.69
-94.2
-94.71
-94.51
-94.41
-94.89
-94.15
-95.51
-93.44
-95.29
-95.17
-95.05
-94.97
-94.5
-96.12
-95.95
-95.57
-95.67
-95.36
-96.03
-94.9
-96.52
-96.16
-95.93
-94.34
-95.72
-94.61
-95.35
-95.51
-96.05
-95.54
-95.35
-95.65
-93.0
-96.26
-95.22
-96.14
-95.56
-94.49
-95.75
-94.99
-96.37
-94.03
-95.46
-95.8
-96.36
-95.54
-93.41
-95.18
-94.58
-94.85
-91.04
-93.5
-94.02
-94.95
-94.45
-96.77
-97.78
-97.48
-96.54
-95.8
-95.84
-95.78
-96.29
-95.81
-96.81
-95.98
-95.96
-95.64
-96.01
-95.41
-95.47
-97.15
-96.62
-96.42
-95.12
-96.04
-96.42
-95.74
-94.95
-95.46
-95.85
-96.84
-96.23
-96.81
-95.38
-95.71
-95.82
-94.77
-95.21
-94.99
-94.81
-96.47
-95.57
-95.65
-96.36
-95.63
-96.23
-95.29
-95.87
-94.69
-95.98
-96.39
-96.08
-96.01
-95.94
-96.21
-96.17
-96.34
-96.93
-95.61
-95.81
-95.28
-95.36
-94.73
-96.25
-95.37
-95.66
-95.55
-96.71
-94.96
-96.47
-97.15
-95.77
-96.35
-94.97
-93.71
-95.46
-95.15
-96.01
-96.04
-95.82
-95.59
-96.01
-96.56
-95.57
-96.27
-95.16
-95.7
-97.04
-95.58
-96.11
-95.63
-97.18
-97.42
-96.49
-96.29
-96.23
-96.8
-96.48
-96.33
-96.22
-96.2
-95.64
-96.63
-95.37
-95.46
-95.89
-96.35
-96.1
-95.88
-96.38
-95.49
-97.02
-97.51
-96.09
-96.58
-96.0
-96.36
-97.56
-96.91
-96.28
-96.93
-96.26
-96.0
-96.85
-96.69
-96.31
-96.39
-96.57
-96.63
-96.21
-95.74
-95.78
-95.67
-98.01
-95.2
-96.07
-96.88
-96.47
-96.14
-95.84
-96.15
-96.7
-97.72
-97.5
-97.39
-96.34
-95.93
-96.36
-97.98
-97.02
-97.49
-97.14
-96.79
-97.48
-96.74
-97.02
-96.43
-97.33
-97.89
-96.45
-96.79
-95.92
-96.74
-96.54
-95.11
-96.5
-96.11
-95.99
-96.97
-97.52
-96.81
-97.01
-96.37
-97.3
-97.5
-96.63
-95.92
-96.61
-96.24
-96.48
-96.71
-98.11
-97.34
-96.38
-96.92
-96.94
-97.02
-95.95
-96.73
-97.82
-96.2
-97.37
-96.35
-97.47
-96.7
-96.04
-96.73
-96.8
-95.43
-96.22
-95.88
-96.71
-97.47
-97.28
-97.0
-96.84
-96.22
-96.73
-96.85
-96.95
-96.73
-96.69
-96.65
-96.07
-97.23
-96.39
-95.87
-95.93
-96.41
-97.0
-96.59
-96.43
-96.41
-96.39
-97.18
-95.52
-97.11
-96.08
-96.69
-96.71
-96.75
-97.05
-95.55
-96.04
-96.65
-96.06
-96.64
-96.58
-96.42
-95.53
-95.38
-96.49
-96.42
-95.81
-95.61
-95.14
-94.85
-95.21
-95.22
-96.12
-96.51
-95.53
-95.9
-96.01
-95.9
-95.52
-95.65
-96.5
-96.77
-95.99
-95.91
-96.57
-96.6
-98.15
-96.75
-96.41
-97.69
-97.3
-96.63
-97.4
-97.16
-97.31
-96.87
-98.11
-97.0
-97.22
-95.91
-96.88
-96.66
-96.61
-96.2
-96.82
-96.37
-96.75
-96.37
-97.33
-97.7
-97.88
-97.33
-97.26
-97.87
-98.2
-97.61
-98.05
-97.15
-96.01
-97.28
-96.94
-97.04
-97.26
-95.93
-96.99
-96.65
-95.15
-97.26
-95.68
-95.54
-95.39
-95.78
-95.6
-96.58
-95.24
-95.88
-95.29
-95.83
-95.49
-95.94
-94.76
-94.32
-95.25
-96.33
-95.08
-94.93
-94.75
-96.1
-96.56
-96.2
-96.01
-96.31
-95.48
-94.87
-94.73
-95.61
-95.19
-95.59
-95.4
-96.86
-97.14
-95.41
-95.73
-96.59
-97.09
-97.53
-98.36
-96.52
-97.37
-96.1
-95.92
-95.62
-96.43
-95.84
-96.27
-95.58
-96.26
-96.28
-95.43
-96.29
-95.54
-96.29
-95.89
-95.63
-94.55
-96.0
-96.76
-96.39
-94.98
-96.3
-96.0
-95.31
-96.56
-96.43
-96.07
-96.11
-95.6
-96.75
-96.73
-96.66
-96.83
-96.17
-95.95
-95.49
-96.94
-96.16
-96.1
-96.28
-96.34
-95.89
-96.17
-96.59
-96.36
-96.66
-95.32
-95.81
-96.34
-94.46
-95.28
-95.3
-94.63
-96.25
-95.9
-96.98
-96.19
-95.94
-97.07
-95.52
-96.48
-96.06
-96.4
-95.89
-95.14
-96.37
-95.63
-97.05
-97.09
-97.33
-96.82
-95.97
-97.01
-97.64
-96.3
-96.48
-95.54
-96.38
-95.81
-96.4
-95.87
-97.04
-97.35
-96.64
-96.6
-95.78
-96.77
-96.71
-97.03
-96.7
-95.71
-95.61
-96.29
-96.51
-94.92
-95.36
-95.37
-94.88
-95.07
-95.5
-95.32
-95.16
-96.09
-95.74
-95.19
-96.07
-96.64
-96.47
-95.6
-96.09
-95.88
-95.87
-95.66
-96.5
-96.13
-95.93
-96.5
-96.55
-95.46
-96.52
-96.59
-97.04
-97.92
-98.03
-97.17
-97.1
-97.66
-96.99
-96.67
-97.92
-98.66
-98.16
-96.74
-97.89
-96.96
-97.62
-97.69
-96.81
-98.06
-97.55
-97.63
-97.39
-96.58
-96.75
-97.01
-97.27
-96.88
-96.32
-97.48
-96.93
-96.24
-97.6
-97.1
-95.96
-97.49
-96.27
-96.93
-96.29
-97.33
-96.4
-96.41
-96.74
-96.65
-95.45
-96.28
-96.12
-96.05
-96.86
-96.3
-96.05
-96.36
-96.5
-96.05
-97.06
-97.05
-96.49
-95.9
-96.5
-96.82
-95.55
-95.97
-97.03
-97.38
-96.39
-96.97
-96.81
-96.21
-95.48
-96.7
-96.42
-95.93
-97.09
-97.16
-96.18
-96.15
-96.88
-96.31
-97.11
-96.6
-96.37
-96.37
-95.54
-97.38
-97.06
-96.61
-96.87
-96.79
-97.58
-97.91
-96.92
-96.12
-95.59
-96.44
-97.54
-97.29
-96.4
-96.22
-97.31
-97.36
-96.92
-97.23
-96.97
-96.78
-96.92
-96.13
-96.23
-96.8
-96.81
-97.08
-97.22
-97.68
-97.63
-96.42
-96.45
-97.03
-96.64
-96.12
-97.16
-96.67
-96.94
-95.85
-96.23
-95.94
-95.83
-94.95
-95.98
-96.1
-96.57
-95.72
-96.48
-95.29
-96.64
-96.39
-95.9
-96.42
-96.58
-96.33
-96.17
-96.97
-95.38
-95.29
-96.36
-96.53
-96.32
-96.7
-95.63
-96.99
-96.7
-95.54
-95.79
-97.15
-97.07
-96.92
-96.17
-95.76
-96.35
-96.56
-96.94
-96.94
-96.96
-96.15
-96.4
-96.95
-96.64
-96.99
-96.89
-96.25
-97.22
-96.61
-97.16
-96.88
-97.58
-97.11
-97.32
-97.54
-97.04
-96.47
-97.25
-96.39
-97.69
-96.06
-96.57
-97.3
-97.03
-95.73
-97.44
-95.97
-97.44
-96.47
-97.04
-97.26
-96.04
-96.98
-95.76
-96.7
-96.37
-96.54
-96.27
-96.93
-96.55
-97.13
-97.92
-96.04
-96.27
-96.97
-96.49
-96.38
-95.69
-96.87
-97.13
-97.78
-96.12
-96.84
-96.75
-96.89
-96.81
-96.98
-96.56
-96.66
-96.74
-98.13
-96.93
-96.97
-96.29
-97.29
-98.12
-96.73
-97.04
-97.54
-96.51
-96.29
-96.78
-97.52
-97.5
-97.55
-97.11
-96.42
-96.77
-97.3
-96.83
-97.27
-96.95
-97.17
-96.85
-96.53
-97.52
-96.7
-95.92
-97.55
-97.35
-95.99
-97.12
-96.94
-97.22
-96.16
-96.99
-96.6
-96.77
-97.2
-96.37
-95.44
-96.81
-97.44
-96.27
-96.45
-97.29
-96.87
-96.35
-96.35
-96.55
-96.23
-96.25
-95.24
-96.64
-97.25
-96.42
-97.0
-96.29
-95.81
-96.4
-96.24
-95.47
-97.18
-96.68
-96.18
-96.45
-97.28
-97.43
-97.19
-96.84
-97.18
-96.74
-98.51
-98.43
-98.22
-98.14
-98.2
-97.05
-96.8
-96.84
-97.03
-97.73
-97.44
-97.5
-96.77
-97.03
-96.78
-96.13
-96.77
-97.7
-96.07
-96.27
-97.01
-97.49
-97.42
-97.72
-97.18
-96.49
-97.25
-97.58
-97.92
-96.89
-97.65
-97.54
-97.85
-96.13
-97.47
-96.83
-97.09
-97.04
-97.87
-96.46
-97.04
-96.37
-96.86
-98.11
-97.43
-97.52
-97.11
-97.46
-97.99
-96.51
-96.57
-96.38
-97.28
-97.26
-97.6
-96.62
-96.86
-97.18
-97.31
-96.96
-97.01
-97.23
-96.85
-96.39
-96.19
-97.44
-95.21
-97.02
-96.15
-97.08
-96.72
-96.9
-97.12
-97.04
-97.43
-95.76
-97.01
-97.57
-97.36
-97.81
-97.4
-97.03
-97.07
-96.23
-96.58
-96.48
-97.27
-96.76
-97.12
-96.32
-96.7
-97.15
-97.3
-97.15
-96.37
-96.39
-96.67
-96.72
-96.11
-96.56
-96.71
-96.04
-96.62
-96.85
-97.16
-95.82
-95.86
-96.9
-95.82
-96.63
-95.78
-95.78
-96.89
-97.32
-97.16
-96.78
-96.75
-96.89
-96.62
-96.94
-97.68
-96.74
-97.22
-95.87
-95.46
-95.71
-95.74
-95.74
-96.81
-96.22
-96.65
-96.77
-96.03
-95.25
-95.52
-95.92
-96.43
-95.57
-96.48
-95.81
-95.08
-95.01
-94.93
-97.59
-95.57
-96.35
-96.06
-95.17
-96.59
-95.22
-94.68
-95.18
-95.91
-95.85
-96.15
-97.04
-95.48
-95.41
-94.7
-95.21
-95.83
-94.86
-95.23
-95.68
-94.78
-95.66
-95.6
-95.78
-95.55
-96.84
-96.46
-95.69
-96.64
-95.06
-95.9
-94.09
-95.77
-95.68
-95.46
-96.06
-95.96
-96.94
-96.13
-96.35
-96.74
-95.82
-95.81
-96.04
-96.79
-96.05
-96.65
-97.09
-96.81
-96.48
-95.7
-96.11
-96.76
-96.15
-95.65
-95.79
-95.93
-96.29
-96.99
-95.96
-96.52
-95.06
-95.84
-95.02
-95.12
-94.83
-96.4
-95.47
-95.21
-94.27
-96.97
-96.49
-96.36
-94.96
-96.69
-95.06
-95.88
-96.21
-97.28
-97.33
-96.03
-96.0
-94.8
-95.43
-95.1
-96.04
-95.43
-95.34
-94.27
-94.84
-95.59
-94.82
-95.83
-95.07
-96.08
-95.39
-96.16
-95.84
-93.87
-94.61
-95.41
-94.17
-96.32
-94.84
-94.81
-95.05
-95.67
-96.22
-95.52
-95.53
-96.04
-95.26
-96.29
-96.1
-94.72
-95.98
-95.14
-95.85
-95.16
-95.36
-94.8
-96.06
-94.64
-95.83
-94.01
-94.97
-95.25
-95.65
-95.95
-95.4
-96.32
-95.41
-94.57
-95.13
-94.4
-94.81
-94.7
-94.12
-93.94
-95.46
-95.54
-96.22
-96.43
-95.39
-96.82
-95.65
-96.15
-94.74
-95.47
-95.24
-93.97
-95.55
-96.37
-95.54
-96.07
-95.57
-95.13
-96.01
-95.91
-96.24
-96.38
-95.91
-95.56
-95.65
-94.9
-94.25
-94.91
-95.87
-94.77
-96.55
-95.63
-96.8
-96.68
-96.83
-95.34
-95.74
-96.19
-96.15
-96.32
-95.56
-96.46
-96.46
-96.79
-96.0
-97.12
-96.06
-96.96
-97.04
-96.38
-97.06
-96.45
-96.92
-95.9
-95.91
-95.46
-96.63
-95.07
-95.3
-96.25
-95.54
-95.55
-95.15
-96.72
-97.26
-96.38
-96.75
-96.39
-96.41
-95.8
-94.98
-95.82
-96.41
-95.39
-96.54
-96.59
-95.61
-95.69
-95.52
-96.67
-95.31
-96.24
-96.79
-96.34
-96.99
-97.51
-97.3
-95.79
-96.7
-96.64
-96.12
-96.17
-95.23
-96.67
-94.77
-94.88
-96.79
-95.97
-94.71
-96.24
-95.68
-95.89
-96.0
-95.55
-95.65
-94.72
-95.95
-96.4
-95.74
-94.95
-96.12
-95.65
-95.83
-95.86
-94.34
-94.83
-95.06
-95.58
-95.34
-95.86
-96.54
-94.63
-95.78
-96.48
-94.58
-94.72
-94.44
-95.55
-95.64
-94.67
-94.43
-95.07
-95.25
-94.71
-94.95
-95.05
-94.21
-94.52
-94.59
-94.96
-95.26
-94.76
-95.01
-94.63
-95.04
-93.08
-94.07
-94.51
-93.59
-94.65
-95.46
-94.59
-94.21
-95.15
-93.11
-94.85
-95.12
-93.99
-96.47
-95.05
-93.09
-94.03
-94.62
-93.92
-95.1
-94.45
-92.71
-93.49
-93.8
-94.66
-95.21
-94.49
-94.13
-95.39
-93.72
-95.47
-93.97
-93.64
-93.44
-94.98
-95.03
-94.39
-94.03
-93.65
-94.96
-94.46
-93.15
-94.71
-94.76
-94.66
-95.81
-93.12
-95.81
-94.03
-93.91
-94.13
-96.05
-96.17
-96.84
-94.41
-95.92
-96.62
-96.7
-95.62
-96.12
-93.67
-96.36
-95.71
-95.23
-96.24
-95.76
-96.97
-96.2
-95.27
-95.69
-96.02
-94.93
-95.36
-95.06
-96.0
-95.61
-95.48
-95.5
-96.07
-95.13
-96.3
-96.08
-95.43
-96.26
-95.99
-97.17
-96.26
-95.21
-96.96
-95.35
-95.42
-94.94
-95.25
-96.03
-96.02
-96.1
-95.63
-94.68
-95.91
-94.92
-95.84
-94.67
-95.9
-95.63
-94.94
-95.12
-95.32
-96.29
-94.63
-96.24
-94.87
-95.42
-95.45
-95.41
-95.52
-96.04
-95.83
-96.19
-95.17
-95.14
-95.75
-95.7
-95.18
-94.45
-95.5
-96.5
-95.38
-94.69
-95.67
-95.82
-96.03
-95.08
-95.32
-95.34
-94.22
-95.33
-96.29
-95.25
-95.8
-94.64
-96.13
-96.09
-95.92
-94.1
-95.71
-95.5
-96.62
-95.53
-94.97
-95.36
-96.41
-96.05
-96.17
-95.06
-95.2
-95.12
-94.92
-95.8
-95.53
-95.97
-95.28
-97.25
-96.0
-95.55
-95.18
-95.99
-95.05
-96.47
-94.94
-94.99
-95.66
-94.94
-93.69
-94.75
-95.54
-94.73
-96.03
-95.61
-95.42
-95.93
-95.08
-96.53
-95.67
-96.3
-95.38
-95.98
-96.02
-95.57
-95.02
-94.96
-95.6
-96.12
-95.74
-95.66
-95.57
-94.74
-94.9
-95.31
-95.49
-94.82
-95.62
-95.91
-95.0
-93.9
-95.92
-96.3
-95.34
-95.09
-95.23
-94.94
-95.63
-94.76
-94.69
-94.65
-95.23
-95.88
-95.97
-95.47
-95.39
-95.6
-94.3
-95.07
-95.63
-95.53
-95.02
-95.72
-93.42
-95.11
-96.17
-95.85
-95.04
-96.01
-95.14
-95.15
-94.02
-95.26
-94.87
-95.97
-93.58
-95.22
-95.72
-94.45
-94.49
-94.3
-94.59
-94.94
-94.07
-94.65
-94.64
-95.99
-95.67
-92.93
-95.64
-94.09
-94.07
-93.24
-95.15
-94.2
-94.27
-94.82
-95.1
-94.92
-94.33
-92.7
-94.46
-93.82
-93.39
-94.22
-94.7
-93.77
-94.58
-94.19
-93.83
-94.43
-93.65
-95.12
-95.61
-94.98
-95.0
-92.13
-94.25
-94.14
-94.8
-94.31
-94.51
-95.99
-93.73
-94.73
-93.5
-95.36
-95.86
-94.13
-93.99
-94.87
-93.92
-94.9
-94.92
-94.39
-95.98
-95.04
-95.22
-95.11
-93.77
-93.91
-95.78
-95.33
-95.04
-94.91
-94.34
-94.43
-94.28
-94.85
-93.52
-95.54
-95.08
-95.06
-93.81
-93.46
-93.87
-94.41
-93.19
-94.61
-94.13
-94.35
-94.85
-95.7
-95.29
-94.53
-94.89
-94.66
-94.45
-94.87
-94.89
-94.65
-94.61
-95.29
-93.44
-94.42
-94.04
-94.66
-94.64
-94.2
-93.88
-94.15
-94.68
-93.66
-93.17
-95.0
-93.67
-94.29
-93.86
-95.5
-95.64
-95.25
-94.82
-94.82
-94.0
-94.9
-93.78
-94.14
-94.71
-94.73
-94.36
-94.17
-95.43
-94.25
-92.91
-93.85
-93.48
-94.15
-94.19
-93.98
-94.84
-94.07
-93.83
-94.46
-94.75
-93.52
-93.4
-93.82
-94.31
-94.87
-93.66
-94.7
-93.55
-93.35
-94.57
-94.03
-94.29
-95.03
-92.17
-94.96
-95.91
-95.22
-94.04
-94.12
-95.2
-94.49
-93.9
-93.87
-95.83
-94.32
-94.34
-94.38
-93.97
-93.92
-94.1
-96.3
-95.01
-92.4
-94.2
-94.39
-94.41
-94.08
-94.39
-95.33
-93.21
-95.81
-94.97
-94.17
-93.51
-95.2
-94.43
-94.77
-93.44
-94.42
-95.26
-95.14
-93.89
-93.33
-94.26
-93.35
-94.78
-94.77
-94.97
-94.4
-95.17
-94.08
-93.6
-97.16
-94.83
-94.61
-95.03
-94.29
-94.73
-95.64
-94.72
-93.0
-92.98
-93.56
-94.62
-95.21
-94.81
-94.38
-95.29
-94.27
-93.91
-93.74
-94.29
-94.66
-94.23
-95.26
-94.56
-95.27
-95.68
-92.43
-94.26
-92.74
-93.81
-93.34
-93.52
-94.42
-94.9
-94.65
-96.01
-94.8
-96.15
-95.08
-94.76
-95.09
-93.76
-95.19
-94.52
-94.34
-93.67
-95.38
-95.15
-94.07
-94.39
-93.94
-94.71
-94.43
-94.16
-95.33
-94.01
-94.42
-95.37
-93.58
-94.97
-94.81
-93.72
-93.96
-94.41
-94.32
-94.56
-94.55
-94.24
-94.09
-93.89
-92.95
-94.44
-94.41
-92.97
-94.39
-94.83
-93.52
-94.47
-94.6
-93.58
-94.05
-93.54
-95.23
-93.38
-95.06
-93.9
-93.53
-94.69
-94.6
-94.91
-94.38
-94.77
-94.38
-95.22
-94.69
-95.0
-94.98
-94.92
-94.86
-93.89
-92.58
-95.53
-93.56
-94.88
-95.44
-93.7
-95.36
-94.34
-94.62
-94.57
-93.98
-93.56
-94.53
-95.4
-95.17
-94.2
-94.56
-94.73
-94.35
-94.81
-94.25
-94.65
-94.53
-94.82
-95.84
-94.41
-94.29
-94.7
-95.01
-93.76
-94.98
-94.11
-94.59
-93.74
-94.91
-93.65
-94.83
-95.12
-93.33
-93.14
-94.63
-94.73
-94.34
-94.63
-93.44
-95.46
-95.12
-93.74
-95.6
-95.16
-93.86
-95.41
-94.12
-94.97
-93.9
-94.42
-94.54
-93.4
-95.04
-93.86
-95.13
-94.86
-93.79
-94.13
-94.48
-94.8
-92.66
-94.47
-94.63
-94.81
-93.76
-95.51
-94.61
-94.88
-94.88
-94.29
-94.56
-95.36
-94.25
-94.92
-94.19
-93.76
-93.36
-93.22
-94.74
-94.82
-93.55
-93.37
-93.04
-94.08
-94.55
-93.81
-94.94
-95.54
-93.49
-94.71
-94.61
-95.96
-93.83
-94.97
-93.06
-93.98
-94.75
-94.45
-94.34
-95.25
-94.49
-94.9
-93.02
-95.01
-94.99
-93.85
-92.85
-94.95
-95.1
-92.87
-95.31
-95.61
-94.35
-95.1
-94.48
-94.65
-95.25
-93.88
-94.11
-94.25
-93.93
-93.66
-94.82
-94.31
-94.05
-93.06
-94.61
-94.43
-94.84
-95.42
-95.28
-93.35
-95.73
-95.3
-93.93
-93.87
-93.44
-93.97
-94.93
-94.79
-94.36
-94.75
-94.29
-94.53
-93.14
-94.04
-94.25
-94.51
-94.51
-95.05
-94.29
-94.02
-93.0
-93.25
-94.64
-94.88
-94.75
-94.19
-94.89
-92.88
-94.03
-94.93
-95.58
-93.65
-94.28
-94.07
-94.64
-93.32
-93.86
-94.8
-95.12
-94.19
-92.44
-94.51
-95.65
-94.51
-93.86
-94.39
-93.85
-93.97
-94.6
-94.85
-94.03
-93.73
-94.95
-94.33
-94.04
-94.84
-93.94
-94.46
-94.38
-95.44
-94.54
-94.22
-95.06
-94.16
-93.32
-94.49
-94.87
-93.65
-95.01
-95.48
-95.18
-95.72
-95.27
-96.31
-96.42
-96.0
-94.61
-94.45
-93.32
-94.17
-94.42
-94.85
-95.27
-94.61
-94.58
-95.65
-93.39
-94.53
-95.55
-93.7
-94.03
-95.35
-94.29
-94.07
-93.71
-95.97
-95.51
-94.46
-94.98
-95.3
-95.01
-94.48
-96.02
-95.25
-94.31
-95.26
-95.51
-94.88
-95.64
-95.22
-95.76
-96.41
-95.99
-94.6
-94.92
-95.08
-96.33
-95.48
-95.49
-96.02
-95.33
-94.53
-95.39
-93.9
-96.0
-95.51
-95.81
-95.23
-95.42
-95.91
-95.13
-94.37
-95.75
-95.37
-95.43
-94.92
-95.75
-95.25
-95.1
-96.07
-96.01
-95.03
-94.86
-95.8
-93.62
-92.96
-92.91
-94.1
-94.65
-93.0
-95.41
-95.83
-94.43
-95.87
-95.35
-93.54
-95.59
-94.18
-92.61
-94.08
-93.75
-93.16
-93.56
-92.27
-90.76
-92.8
-92.66
-91.61
-94.53
-93.44
-92.59
-91.15
-93.02
-93.27
-92.25
-92.45
-92.37
-93.63
-94.05
-93.58
-93.52
-93.24
-94.84
-94.32
-94.55
-94.25
-93.82
-95.1
-93.47
-90.59
-90.38
-92.35
-93.19
-91.8
-94.81
-93.02
-93.58
-92.03
-90.94
-93.72
-92.76
-91.41
-91.49
-90.76
-92.2
-93.67
-92.54
-92.46
-92.36
-91.98
-93.31
-91.82
-94.01
-92.91
-93.08
-94.26
-95.01
-93.12
-92.43
-92.3
-94.23
-92.72
-92.98
-93.29
-92.4
-94.04
-94.89
-94.88
-94.33
-93.84
-93.48
-93.96
-92.29
-93.02
-93.35
-93.34
-95.14
-95.03
-93.24
-93.67
-94.19
-94.47
-93.59
-93.96
-94.41
-94.12
-94.49
-94.33
-94.18
-92.0
-93.11
-92.75
-93.83
-92.56
-93.5
-94.02
-94.52
-93.5
-93.41
-92.66
-94.46
-94.01
-93.31
-94.66
-95.32
-92.74
-94.7
-94.16
-93.63
-95.08
-93.91
-95.55
-95.54
-95.99
-96.24
-97.06
-97.03
-95.66
-97.32
-96.28
-96.48
-96.41
-96.66
-97.5
-95.98
-97.31
-95.15
-96.95
-95.5
-96.11
-96.8
-96.26
-95.55
-94.9
-96.19
-97.2
-95.63
-96.54
-96.32
-96.78
-96.88
-95.88
-95.78
-95.43
-96.4
-97.28
-96.88
-96.86
-96.26
-95.86
-95.37
-96.26
-96.68
-94.67
-96.35
-95.54
-95.91
-95.26
-96.27
-95.73
-96.93
-95.99
-96.63
-96.21
-95.58
-96.41
-96.01
-95.64
-95.24
-96.27
-96.8
-96.46
-95.25
-95.66
-96.52
-96.12
-95.71
-95.99
-95.58
-95.15
-95.96
-94.57
-95.81
-94.3
-94.98
-95.1
-96.38
-94.75
-96.09
-95.11
-95.18
-95.48
-96.29
-96.62
-95.84
-95.5
-95.56
-96.96
-96.11
-95.77
-95.26
-95.48
-95.16
-96.0
-96.93
-96.15
-95.33
-95.56
-96.52
-95.03
-96.23
-95.24
-95.19
-96.26
-96.08
-95.24
-94.84
-96.75
-95.29
-94.79
-97.15
-95.45
-94.9
-95.94
-94.95
-95.14
-96.2
-96.34
-96.09
-96.04
-96.8
-96.58
-95.88
-96.15
-95.46
-95.7
-95.72
-96.22
-96.18
-95.06
-95.36
-95.46
-95.89
-95.46
-95.75
-95.68
-95.95
-95.72
-95.78
-95.46
-95.18
-96.49
-95.95
-95.63
-95.55
-95.8
-95.42
-95.98
-97.07
-94.8
-96.51
-97.54
-97.12
-96.45
-96.34
-95.99
-97.54
-97.27
-97.03
-97.27
-97.57
-96.95
-96.22
-97.38
-96.81
-96.34
-96.82
-95.79
-96.29
-96.36
-95.11
-95.5
-95.86
-96.73
-94.73
-95.14
-95.85
-94.97
-95.0
-96.75
-96.21
-96.4
-96.83
-96.23
-96.92
-94.32
-95.79
-95.75
-95.38
-95.1
-95.04
-95.56
-96.62
-96.03
-96.79
-95.57
-96.27
-95.9
-95.81
-96.62
-96.59
-95.81
-95.69
-94.97
-96.68
-97.38
-96.29
-95.76
-95.99
-96.32
-95.81
-95.79
-96.78
-96.76
-95.95
-95.81
-95.31
-96.65
-95.84
-95.1
-96.82
-96.02
-97.08
-95.73
-96.56
-96.12
-95.86
-95.42
-96.06
-95.11
-96.3
-95.8
-96.22
-96.11
-97.15
-95.4
-96.25
-97.09
-95.93
-95.77
-95.45
-95.97
-96.19
-95.95
-94.76
-95.35
-96.34
-94.88
-94.49
-96.04
-96.92
-95.8
-94.91
-95.73
-96.13
-94.9
-96.93
-95.61
-96.64
-95.61
-95.48
-96.25
-96.64
-95.85
-95.86
-95.89
-96.09
-96.75
-96.01
-96.65
-95.41
-94.95
-95.74
-96.26
-95.3
-95.65
-96.4
-95.53
-96.04
-96.2
-95.7
-95.3
-95.46
-95.67
-95.82
-94.37
-95.06
-96.18
-95.64
-95.16
-96.13
-95.89
-94.26
-95.6
-96.46
-95.58
-95.59
-96.0
-96.0
-95.99
-96.4
-95.63
-95.35
-96.14
-94.48
-96.52
-96.23
-94.99
-97.06
-96.32
-95.87
-96.95
-95.82
-96.47
-95.54
-96.3
-96.05
-96.61
-95.42
-95.02
-95.32
-96.15
-95.85
-96.93
-96.53
-96.04
-95.28
-96.07
-95.51
-96.39
-96.53
-95.51
-95.18
-97.2
-95.27
-95.25
-95.68
-96.71
-95.36
-96.07
-95.31
-95.89
-97.81
-96.29
-96.42
-96.29
-95.75
-96.46
-95.45
-95.32
-97.59
-95.59
-96.52
-94.54
-96.33
-96.31
-96.27
-95.54
-95.21
-96.07
-96.41
-97.32
-96.62
-96.11
-96.02
-96.05
-96.19
-96.39
-95.64
-95.94
-96.77
-96.55
-96.34
-96.78
-95.69
-96.35
-95.94
-96.79
-95.81
-96.65
-94.72
-97.16
-96.37
-95.79
-97.31
-95.86
-96.69
-96.22
-96.53
-96.52
-96.8
-96.34
-96.26
-95.46
-96.25
-96.79
-96.19
-94.99
-95.46
-95.54
-95.17
-95.13
-94.15
-95.96
-95.35
-95.14
-95.85
-95.75
-95.72
-95.67
-96.18
-95.77
-95.05
-94.17
-94.86
-96.43
-95.5
-93.9
-95.79
-95.25
-95.98
-95.4
-95.09
-95.07
-95.05
-96.05
-95.41
-95.62
-95.07
-95.09
-96.16
-95.3
-95.1
-95.05
-94.03
-95.42
-95.6
-94.64
-95.39
-96.07
-95.78
-95.11
-95.55
-94.21
-94.57
-94.76
-95.65
-94.55
-95.79
-94.65
-94.29
-95.27
-94.98
-95.01
-94.0
-94.51
-95.31
-95.76
-95.61
-95.97
-95.47
-95.09
-96.35
-96.77
-94.82
-94.34
-96.26
-95.14
-96.47
-94.52
-95.7
-94.74
-94.21
-96.16
-96.06
-95.91
-95.52
-95.01
-95.06
-96.17
-94.98
-95.33
-95.98
-95.59
-95.77
-95.35
-95.86
-95.09
-96.11
-96.16
-94.91
-94.68
-95.58
-95.24
-95.17
-94.39
-95.93
-95.64
-95.3
-96.0
-95.61
-95.39
-95.48
-94.9
-94.28
-95.46
-94.37
-96.77
-95.01
-95.5
-95.89
-95.56
-94.4
-96.29
-96.33
-95.16
-95.17
-96.28
-96.56
-95.19
-94.54
-96.4
-95.39
-96.3
-96.4
-96.23
-95.39
-94.62
-96.15
-95.7
-95.17
-95.91
-95.43
-95.86
-97.0
-96.63
-97.83
-96.81
-96.77
-95.75
-94.88
-95.82
-96.16
-96.55
-97.48
-95.31
-95.59
-97.94
-96.47
-97.36
-97.23
-97.97
-97.82
-97.15
-96.9
-97.39
-97.01
-96.98
-95.95
-96.9
-97.28
-97.1
-97.36
-97.13
-98.19
-97.08
-97.01
-96.56
-96.92
-95.78
-95.88
-97.23
-96.48
-94.97
-96.27
-96.48
-95.64
-95.92
-97.07
-97.64
-95.54
-97.58
-96.53
-95.96
-97.17
-96.5
-96.87
-97.25
-97.54
-96.17
-97.09
-97.22
-97.79
-96.93
-97.76
-96.81
-98.21
-96.3
-96.7
-96.86
-96.9
-96.83
-97.65
-96.71
-97.02
-97.97
-97.19
-96.69
-96.03
-95.27
-96.33
-96.24
-96.34
-96.86
-96.74
-96.49
-96.27
-95.19
-95.99
-96.81
-96.09
-96.71
-95.55
-96.32
-96.38
-96.28
-97.53
-96.15
-96.78
-97.38
-96.12
-96.36
-96.69
-95.38
-96.04
-95.88
-96.1
-95.63
-94.6
-95.61
-95.87
-96.05
-95.25
-95.47
-96.69
-95.87
-95.26
-96.52
-96.68
-96.61
-96.46
-96.38
-95.2
-95.7
-95.63
-97.23
-96.63
-96.54
-95.92
-96.67
-96.46
-95.2
-96.17
-96.03
-95.22
-94.69
-95.62
-95.38
-95.87
-94.35
-96.6
-95.61
-96.43
-95.05
-94.37
-95.09
-95.08
-96.03
-94.96
-95.1
-96.49
-96.4
-95.93
-94.54
-95.86
-96.24
-95.58
-95.8
-95.56
-95.38
-96.08
-95.39
-96.21
-96.47
-94.83
-94.99
-95.68
-94.89
-94.15
-95.09
-96.06
-95.96
-96.09
-95.22
-95.95
-95.7
-95.6
-95.92
-95.95
-97.04
-96.85
-96.34
-96.31
-95.25
-94.94
-95.93
-96.22
-95.49
-94.75
-96.31
-95.96
-95.81
-97.04
-95.68
-96.72
-95.94
-95.11
-96.25
-97.11
-96.23
-96.75
-96.62
-95.79
-94.07
-96.26
-95.52
-95.26
-95.64
-96.14
-95.12
-95.84
-95.72
-95.4
-95.76
-95.66
-94.72
-95.08
-95.32
-95.89
-95.47
-96.03
-94.62
-95.25
-96.41
-96.52
-96.06
-96.51
-95.48
-96.28
-96.21
-95.88
-95.69
-95.24
-96.37
-96.87
-94.83
-95.86
-95.46
-95.46
-95.98
-95.82
-95.97
-96.51
-97.0
-97.04
-93.55
-96.01
-95.36
-95.5
-95.86
-96.04
-95.26
-93.99
-92.9
-95.42
-94.41
-95.11
-95.4
-95.83
-95.49
-94.57
-95.39
-95.82
-96.08
-94.81
-95.84
-96.63
-94.65
-94.79
-95.2
-95.16
-95.22
-95.47
-95.25
-95.11
-95.34
-95.34
-95.96
-95.85
-95.51
-95.3
-94.73
-94.62
-95.87
-94.91
-95.63
-94.39
-95.13
-94.38
-93.97
-95.11
-92.89
-95.33
-94.73
-94.24
-93.67
-94.9
-94.29
-95.53
-95.89
-94.87
-95.67
-96.16
-93.89
-94.12
-95.09
-94.82
-94.2
-95.6
-95.49
-95.02
-94.58
-93.95
-93.6
-94.73
-95.42
-96.31
-94.97
-93.82
-94.87
-95.85
-95.08
-95.52
-93.86
-95.33
-94.54
-95.84
-95.39
-95.66
-95.76
-94.83
-96.57
-95.26
-96.11
-93.95
-95.18
-93.4
-94.58
-95.21
-95.52
-95.86
-94.98
-94.85
-95.21
-95.33
-95.84
-95.61
-95.98
-95.32
-95.49
-95.63
-93.66
-95.39
-95.02
-95.34
-95.48
-94.97
-95.47
-95.4
-95.93
-95.58
-96.34
-95.02
-93.35
-94.63
-95.45
-96.37
-94.62
-94.51
-95.28
-96.21
-94.59
-95.41
-95.91
-93.35
-95.23
-95.68
-95.54
-94.96
-95.45
-94.32
-95.04
-95.57
-94.22
-93.97
-95.18
-95.02
-94.64
-95.7
-96.18
-94.38
-94.88
-93.91
-94.9
-95.0
-94.52
-95.81
-95.78
-95.33
-93.87
-95.18
-96.62
-93.76
-95.58
-96.69
-95.16
-95.53
-95.92
-95.67
-95.42
-96.39
-94.19
-94.37
-93.65
-94.97
-94.3
-94.54
-96.75
-94.33
-95.49
-94.67
-95.93
-96.29
-95.79
-94.25
-94.73
-95.38
-95.5
-94.71
-96.42
-95.65
-94.33
-94.75
-94.68
-95.41
-94.94
-94.02
-96.2
-94.52
-95.16
-96.36
-96.2
-95.83
-96.54
-95.26
-94.78
-96.13
-94.28
-95.14
-94.84
-95.85
-93.57
-96.66
-95.91
-94.58
-95.12
-97.33
-96.37
-95.39
-95.38
-95.14
-94.75
-93.71
-95.65
-94.48
-95.11
-95.49
-97.02
-96.01
-95.38
-95.37
-95.78
-94.91
-95.47
-95.55
-95.82
-95.11
-96.67
-95.68
-95.61
-94.74
-95.02
-95.91
-95.62
-94.36
-95.21
-95.26
-94.78
-95.94
-94.57
-95.54
-95.44
-95.3
-95.74
-94.95
-96.11
-95.61
-95.0
-97.02
-97.15
-96.02
-95.0
-96.68
-95.76
-96.52
-96.42
-95.61
-95.19
-95.61
-94.71
-95.69
-95.86
-95.08
-96.7
-94.9
-95.86
-94.57
-96.13
-95.73
-96.14
-94.76
-95.28
-94.52
-95.38
-95.79
-95.56
-95.12
-95.43
-95.83
-95.15
-94.04
-96.0
-95.72
-96.14
-94.77
-94.98
-96.08
-95.56
-95.39
-94.51
-95.51
-95.07
-95.0
-95.86
-95.65
-95.82
-95.85
-96.36
-96.18
-95.88
-95.67
-95.88
-96.83
-96.64
-95.79
-96.69
-96.49
-96.35
-96.47
-95.72
-95.56
-96.63
-96.89
-96.49
-95.15
-96.19
-96.07
-97.04
-96.61
-96.14
-97.03
-95.54
-96.2
-95.91
-96.79
-97.05
-97.35
-96.72
-98.0
-97.87
-97.72
-96.55
-97.19
-96.21
-97.44
-97.01
-97.24
-96.25
-96.48
-96.89
-97.15
-97.48
-96.6
-96.65
-96.34
-97.09
-95.72
-95.96
-97.23
-96.8
-95.81
-97.15
-96.12
-97.5
-96.81
-95.45
-96.75
-95.49
-96.46
-95.75
-97.1
-96.6
-96.09
-96.85
-96.49
-97.07
-96.65
-96.96
-96.05
-96.35
-96.62
-96.03
-96.99
-96.13
-96.69
-94.99
-95.24
-95.91
-97.15
-95.54
-95.89
-95.99
-96.59
-97.17
-96.65
-95.97
-96.23
-97.3
-97.9
-97.22
-96.77
-96.14
-96.36
-96.58
-96.66
-96.02
-95.18
-96.01
-94.48
-94.65
-96.2
-96.49
-95.49
-95.78
-94.92
-96.06
-95.87
-97.02
-94.71
-95.23
-96.12
-96.45
-96.89
-94.74
-96.59
-95.08
-95.38
-96.16
-95.78
-97.08
-96.37
-96.12
-96.43
-98.02
-96.31
-94.32
-96.28
-96.37
-95.91
-96.31
-95.36
-95.93
-96.85
-96.04
-94.9
-96.02
-95.54
-95.71
-96.72
-96.16
-96.85
-97.2
-95.8
-96.08
-96.9
-95.52
-94.12
-96.0
-94.58
-94.77
-95.08
-94.56
-94.75
-92.94
-94.63
-94.89
-94.24
-94.67
-93.6
-94.5
-95.9
-94.98
-95.44
-93.77
-96.81
-96.1
-95.91
-96.47
-95.11
-95.65
-95.25
-95.33
-94.47
-96.14
-94.34
-95.29
-95.84
-94.07
-95.31
-94.96
-94.71
-94.62
-95.33
-94.96
-95.86
-94.34
-94.96
-95.46
-94.4
-94.99
-94.67
-95.22
-96.37
-94.3
-94.31
-95.87
-94.72
-96.02
-94.99
-95.57
-94.78
-95.79
-95.61
-95.59
-94.92
-92.81
-93.62
-95.31
-95.09
-95.84
-96.31
-95.64
-95.41
-94.5
-94.65
-94.56
-95.1
-94.21
-94.99
-95.27
-94.93
-96.62
-94.79
-95.44
-95.35
-96.18
-95.83
-95.49
-95.16
-96.51
-94.87
-96.11
-93.27
-92.94
-95.58
-94.77
-94.4
-95.11
-94.69
-94.86
-94.5
-97.18
-96.34
-96.48
-96.07
-96.07
-95.89
-95.79
-95.98
-95.16
-95.15
-96.19
-95.76
-95.66
-96.41
-94.91
-94.51
-96.84
-96.69
-94.56
-94.48
-96.68
-95.4
-95.84
-97.18
-95.5
-96.78
-97.08
-95.94
-96.19
-95.36
-95.25
-96.34
-96.67
-94.85
-96.23
-96.58
-97.59
-96.8
-94.68
-95.74
-96.21
-97.34
-97.17
-96.17
-95.74
-95.34
-96.5
-95.66
-96.32
-96.55
-96.29
-96.68
-96.04
-96.47
-96.79
-96.96
-95.92
-94.17
-95.98
-95.83
-95.47
-96.27
-94.39
-96.88
-96.19
-96.27
-96.7
-97.12
-95.57
-97.01
-96.39
-95.89
-96.33
-96.03
-96.96
-96.51
-96.45
-95.77
-95.14
-95.96
-96.42
-95.77
-96.06
-95.14
-96.34
-96.08
-96.64
-95.77
-96.06
-95.48
-96.9
-95.14
-95.07
-95.58
-95.99
-96.07
-96.14
-95.03
-94.17
-94.69
-95.48
-95.99
-94.19
-95.64
-95.62
-95.46
-95.14
-95.68
-94.77
-95.62
-95.11
-94.38
-94.74
-95.89
-95.92
-96.01
-96.85
-95.29
-96.38
-97.24
-97.25
-95.7
-96.38
-96.67
-96.6
-95.78
-96.85
-95.81
-97.1
-95.62
-95.69
-96.07
-97.04
-97.44
-94.98
-96.61
-96.5
-94.86
-96.16
-95.73
-95.38
-95.88
-96.3
-94.93
-95.95
-96.56
-96.9
-95.4
-96.85
-95.58
-95.9
-96.88
-97.08
-96.4
-96.7
-96.06
-97.28
-95.97
-96.82
-96.43
-96.07
-96.54
-95.06
-96.44
-95.36
-96.72
-95.15
-96.74
-96.0
-96.0
-96.93
-96.8
-96.12
-96.52
-96.29
-97.18
-96.29
-95.78
-96.86
-96.43
-96.54
-96.74
-97.32
-97.93
-95.97
-96.29
-96.62
-95.75
-96.62
-96.33
-95.69
-96.91
-97.02
-96.34
-95.82
-96.4
-96.99
-96.18
-97.52
-96.74
-96.17
-96.51
-97.39
-96.17
-95.77
-96.65
-95.8
-95.62
-96.55
-96.46
-97.05
-96.3
-97.71
-96.97
-95.54
-96.4
-95.54
-95.68
-96.58
-96.26
-95.71
-95.03
-96.72
-96.57
-96.11
-95.46
-95.66
-95.24
-96.4
-95.53
-96.08
-95.4
-94.9
-95.36
-96.67
-96.44
-95.93
-95.99
-95.94
-96.79
-97.04
-95.5
-96.09
-96.81
-96.12
-97.08
-97.38
-96.42
-96.16
-96.84
-96.41
-96.02
-96.28
-95.84
-96.83
-95.93
-95.42
-96.78
-97.13
-97.02
-97.38
-96.73
-97.18
-96.52
-96.81
-97.31
-96.26
-96.08
-96.28
-96.69
-97.44
-96.15
-96.62
-96.63
-96.32
-96.28
-96.43
-96.6
-97.16
-96.25
-95.96
-97.01
-96.6
-93.82
-96.73
-96.04
-96.72
-97.44
-95.5
-97.2
-96.43
-96.86
-96.47
-96.5
-96.6
-97.4
-96.5
-96.53
-97.08
-96.68
-95.76
-95.34
-96.59
-96.79
-94.63
-96.05
-96.85
-96.25
-96.44
-96.48
-97.15
-96.22
-96.17
-96.1
-96.68
-95.88
-96.85
-96.32
-96.86
-95.3
-97.18
-95.88
-96.93
-96.08
-96.54
-96.28
-97.27
-96.74
-95.94
-96.85
-95.18
-96.05
-96.34
-96.98
-96.62
-96.45
-96.86
-96.56
-96.28
-97.14
-96.68
-95.92
-96.93
-96.75
-95.9
-96.69
-96.18
-96.3
-97.07
-95.98
-96.31
-95.18
-96.51
-97.04
-96.7
-96.77
-96.68
-96.45
-96.48
-96.2
-96.13
-96.94
-95.89
-95.48
-96.17
-95.95
-96.86
-96.02
-96.56
-96.08
-97.3
-95.21
-96.79
-95.4
-97.26
-97.09
-97.04
-96.42
-95.54
-95.3
-96.66
-96.04
-96.84
-95.93
-95.62
-95.71
-96.85
-96.78
-95.0
-97.29
-97.29
-95.61
-95.8
-95.84
-96.66
-95.63
-95.16
-95.7
-95.44
-95.66
-96.06
-95.99
-95.87
-97.33
-96.11
-96.47
-97.23
-97.38
-96.93
-97.07
-97.06
-94.9
-96.47
-96.4
-95.92
-95.98
-95.97
-96.8
-96.18
-96.61
-97.45
-96.82
-96.77
-97.13
-95.48
-96.83
-95.67
-96.2
-96.24
-96.72
-96.95
-96.43
-97.32
-96.39
-96.91
-96.49
-96.74
-95.87
-96.26
-96.02
-96.0
-97.05
-96.64
-96.63
-95.89
-96.69
-97.31
-97.4
-97.46
-96.76
-97.31
-97.39
-96.64
-97.41
-96.44
-96.43
-96.6
-96.84
-96.81
-96.94
-98.12
-96.06
-96.86
-96.78
-96.25
-97.26
-97.09
-96.39
-96.52
-97.21
-97.47
-96.69
-96.32
-97.39
-96.28
-96.93
-96.94
-96.59
-96.64
-96.18
-96.52
-95.63
-95.67
-96.43
-96.92
-96.98
-96.41
-96.61
-97.3
-94.26
-96.17
-96.68
-95.5
-97.23
-96.66
-97.18
-96.26
-96.06
-96.0
-97.29
-96.71
-96.82
-96.27
-96.58
-96.29
-96.12
-96.4
-96.59
-96.34
-95.63
-97.28
-96.81
-95.56
-96.2
-93.94
-95.76
-95.38
-96.0
-95.85
-96.52
-96.55
-95.52
-96.78
-97.17
-96.71
-96.14
-96.19
-96.27
-97.74
-96.05
-95.63
-96.63
-97.26
-96.6
-96.95
-96.86
-95.73
-96.74
-96.74
-96.32
-96.65
-96.86
-95.96
-96.43
-96.5
-95.94
-96.17
-96.24
-97.01
-96.38
-96.46
-96.57
-97.35
-97.38
-96.34
-95.2
-96.83
-97.24
-95.92
-97.34
-96.77
-96.1
-96.7
-97.48
-97.17
-97.07
-96.99
-96.24
-96.58
-96.45
-96.65
-97.11
-96.8
-97.17
-96.41
-96.78
-97.92
-97.43
-96.6
-97.15
-97.42
-96.2
-95.76
-96.89
-97.34
-96.73
-96.07
-96.93
-96.45
-96.31
-97.75
-96.36
-95.94
-96.47
-96.1
-95.93
-97.53
-97.3
-97.74
-96.74
-97.2
-97.33
-96.11
-95.84
-96.67
-96.37
-96.37
-96.42
-96.52
-97.16
-97.95
-96.49
-96.85
-96.19
-96.43
-95.11
-96.69
-95.98
-96.64
-96.61
