-90.87
-79.24
-36.32
63.61
63.17
66.15
67.92
63.33
69.18
72.0
61.52
67.61
66.5
64.95
68.93
63.46
72.0
69.38
64.01
65.24
67.59
64.57
63.11
63.37
66.15
66.13
64.73
67.23
66.08
67.23
66.33
70.29
64.23
64.43
66.16
65.95
66.64
67.84
64.85
69.08
70.64
59.43
64.94
60.22
69.38
70.4
62.8
65.97
67.36
64.83
64.68
61.82
60.37
64.88
62.9
60.7
66.01
69.36
65.96
63.68
65.7
65.88
60.66
68.05
66.43
68.68
61.83
68.79
67.93
60.72
67.54
68.01
69.17
68.27
66.06
65.96
69.0
64.21
64.56
66.0
67.18
61.92
64.67
70.48
70.71
65.6
67.74
70.64
62.79
65.65
66.3
66.0
64.73
67.86
65.07
63.28
62.8
66.57
65.1
64.82
